7 0.3866943866943867 0.19296875 0.015592515592515593 0.0234375
7 0.44646569646569645 0.19921875 0.015592515592515593 0.0234375
8 0.5036382536382537 0.20546875 0.013513513513513514 0.0234375
8 0.5628898128898129 0.2109375 0.015592515592515593 0.0234375
4 0.617983367983368 0.21640625 0.013513513513513514 0.0234375
4 0.6746361746361746 0.221875 0.015592515592515593 0.0234375
9 0.3783783783783784 0.2828125 0.014553014553014554 0.021875
7 0.4376299376299376 0.28671875 0.017671517671517672 0.0234375
0 0.49324324324324326 0.29296875 0.016632016632016633 0.0234375
0 0.5493762993762994 0.29765625 0.015592515592515593 0.021875
6 0.6065488565488566 0.30234375 0.014553014553014554 0.021875
5 0.6606029106029107 0.306640625 0.015592515592515593 0.021875