7 0.37214137214137216 0.19609375 0.015592515592515593 0.0234375
7 0.43295218295218296 0.20078125 0.015592515592515593 0.0234375
8 0.4901247401247401 0.20546875 0.013513513513513514 0.0234375
8 0.5493762993762994 0.209375 0.015592515592515593 0.0234375
4 0.6044698544698545 0.21328125 0.013513513513513514 0.0234375
4 0.6616424116424117 0.2171875 0.015592515592515593 0.0234375
9 0.367983367983368 0.2859375 0.014553014553014554 0.021875
7 0.42775467775467774 0.28828125 0.017671517671517672 0.0234375
0 0.4838877338877339 0.29296875 0.016632016632016633 0.0234375
0 0.5400207900207901 0.296484375 0.014553014553014554 0.021875
6 0.5971933471933472 0.299609375 0.014553014553014554 0.021875
5 0.6512474012474012 0.302734375 0.014553014553014554 0.021875