1 0.577734375 0.4028066528066528 0.01015625 0.033264033264033266
8 0.527734375 0.4002079002079002 0.01328125 0.034303534303534305
6 0.67890625 0.4074844074844075 0.01328125 0.034303534303534305
3 0.627734375 0.40488565488565487 0.01328125 0.034303534303534305
0 0.78203125 0.4132016632016632 0.01328125 0.034303534303534305
1 0.728125 0.4106029106029106 0.01171875 0.035343035343035345
0 0.5234375 0.5291060291060291 0.01328125 0.034303534303534305
3 0.575 0.5317047817047817 0.01171875 0.033264033264033266
6 0.6765625 0.5363825363825364 0.01328125 0.034303534303534305
3 0.625 0.5348232848232848 0.0125 0.035343035343035345
6 0.72734375 0.5395010395010394 0.0140625 0.034303534303534305