8 0.1078125 0.3399168399168399 0.0359375 0.08835758835758836
0 0.356640625 0.3113305613305613 0.0390625 0.09563409563409564
1 0.2328125 0.3264033264033264 0.02421875 0.08731808731808732
8 0.4859375 0.2993762993762994 0.0390625 0.09251559251559252
2 0.606640625 0.28534303534303534 0.03828125 0.0893970893970894
7 0.734375 0.27234927234927236 0.03984375 0.0893970893970894
2 0.251171875 0.6481288981288982 0.03359375 0.08835758835758836
0 0.1265625 0.6626819126819127 0.03515625 0.08627858627858628
8 0.379296875 0.6330561330561331 0.03515625 0.08835758835758836
0 0.50078125 0.6200623700623701 0.03203125 0.08835758835758836
3 0.63046875 0.6091476091476091 0.03515625 0.08835758835758836
2 0.769921875 0.5951143451143451 0.03046875 0.08627858627858628