1 0.57109375 0.39397089397089397 0.0109375 0.034303534303534305
8 0.52109375 0.3976091476091476 0.0140625 0.034303534303534305
6 0.672265625 0.3872141372141372 0.0140625 0.034303534303534305
3 0.62109375 0.3908523908523909 0.01328125 0.034303534303534305
0 0.775390625 0.380977130977131 0.0140625 0.034303534303534305
1 0.721484375 0.38461538461538464 0.0125 0.036382536382536385
0 0.525390625 0.5265072765072765 0.0140625 0.034303534303534305
3 0.576953125 0.5228690228690228 0.0125 0.034303534303534305
6 0.678125 0.5155925155925156 0.0140625 0.034303534303534305
3 0.626953125 0.5202702702702703 0.0125 0.035343035343035345
6 0.72890625 0.512993762993763 0.0140625 0.034303534303534305