8 0.11953125 0.29521829521829523 0.0296875 0.08523908523908524
0 0.36953125 0.29521829521829523 0.03125 0.09147609147609148
1 0.2453125 0.29625779625779625 0.01875 0.08523908523908524
8 0.49921875 0.2983367983367983 0.0328125 0.0893970893970894
2 0.6203125 0.2983367983367983 0.03125 0.08523908523908524
7 0.7484375 0.3004158004158004 0.034375 0.08523908523908524
2 0.2421875 0.6185031185031185 0.028125 0.08523908523908524
0 0.1171875 0.6185031185031185 0.0296875 0.08316008316008316
8 0.37109375 0.6185031185031185 0.0296875 0.08523908523908524
0 0.49296875 0.6195426195426196 0.0265625 0.08523908523908524
3 0.62265625 0.6237006237006237 0.0296875 0.08523908523908524
2 0.7625 0.6257796257796258 0.025 0.08316008316008316