1 0.580078125 0.40644490644490644 0.0109375 0.034303534303534305
8 0.530078125 0.4017671517671518 0.0140625 0.034303534303534305
6 0.68125 0.4158004158004158 0.0140625 0.034303534303534305
3 0.630078125 0.4111226611226611 0.0140625 0.034303534303534305
0 0.784375 0.4261954261954262 0.0140625 0.034303534303534305
1 0.73046875 0.4215176715176715 0.0125 0.036382536382536385
0 0.52265625 0.5301455301455301 0.0140625 0.034303534303534305
3 0.57421875 0.5348232848232848 0.01328125 0.034303534303534305
6 0.675390625 0.5446985446985447 0.0140625 0.034303534303534305
3 0.623828125 0.5405405405405406 0.01328125 0.036382536382536385
6 0.726171875 0.5504158004158004 0.0140625 0.034303534303534305