4 0.7047817047817048 0.327734375 0.034303534303534305 0.04921875
0 0.5769230769230769 0.328515625 0.034303534303534305 0.04921875
4 0.45426195426195426 0.328125 0.034303534303534305 0.04921875
7 0.3264033264033264 0.32734375 0.034303534303534305 0.04921875
3 0.20166320166320167 0.328125 0.034303534303534305 0.04921875
8 0.07692307692307693 0.3265625 0.034303534303534305 0.04921875
3 0.6954261954261954 0.510546875 0.02390852390852391 0.0484375
5 0.4553014553014553 0.507421875 0.030145530145530147 0.0484375
2 0.5769230769230769 0.509765625 0.033264033264033266 0.04921875
0 0.32536382536382535 0.50859375 0.034303534303534305 0.04921875
7 0.20166320166320167 0.5078125 0.034303534303534305 0.04921875
0 0.07432432432432433 0.51015625 0.034303534303534305 0.04921875