6 0.524948024948025 0.239453125 0.029106029106029108 0.040625
4 0.4215176715176715 0.248046875 0.032224532224532226 0.04375
9 0.3191268191268191 0.257421875 0.031185031185031187 0.0421875
6 0.2104989604989605 0.264453125 0.029106029106029108 0.0421875
3 0.10395010395010396 0.27421875 0.031185031185031187 0.04375
8 0.006756756756756757 0.282421875 0.013513513513513514 0.04296875
5 0.5431392931392931 0.394140625 0.02494802494802495 0.0421875
2 0.44490644490644493 0.402734375 0.031185031185031187 0.04453125
3 0.3373180873180873 0.409765625 0.031185031185031187 0.04453125
9 0.23180873180873182 0.419140625 0.031185031185031187 0.04375
6 0.12733887733887733 0.426171875 0.033264033264033266 0.04375
0 0.018711018711018712 0.43671875 0.031185031185031187 0.04296875