8 0.056652806652806656 0.317578125 0.04158004158004158 0.05078125
6 0.30613305613305614 0.34140625 0.04365904365904366 0.0515625
3 0.18607068607068608 0.331640625 0.04158004158004158 0.05390625
6 0.553014553014553 0.36640625 0.038461538461538464 0.04921875
9 0.43555093555093555 0.35625 0.038461538461538464 0.05078125
5 0.6902286902286903 0.380859375 0.038461538461538464 0.05546875
3 0.4017671517671518 0.53203125 0.04054054054054054 0.053125
6 0.15696465696465697 0.509375 0.0395010395010395 0.05
9 0.2796257796257796 0.521484375 0.04158004158004158 0.05078125
5 0.6356548856548857 0.554296875 0.030145530145530147 0.05
2 0.5218295218295218 0.54453125 0.04054054054054054 0.05234375
0 0.030665280665280667 0.5 0.04261954261954262 0.0515625