7 0.8019750519750519 0.167578125 0.05093555093555094 0.0640625
2 0.6548856548856549 0.18359375 0.04573804573804574 0.0625
0 0.512993762993763 0.200390625 0.0498960498960499 0.06328125
7 0.3700623700623701 0.215234375 0.04365904365904366 0.0625
8 0.08108108108108109 0.2484375 0.04781704781704782 0.06015625
3 0.22972972972972974 0.232421875 0.0498960498960499 0.06171875
7 0.8461538461538461 0.37421875 0.0498960498960499 0.06171875
0 0.6959459459459459 0.391015625 0.0498960498960499 0.06015625
0 0.5540540540540541 0.406640625 0.0498960498960499 0.06171875
0 0.4132016632016632 0.423828125 0.0498960498960499 0.06171875
7 0.2713097713097713 0.439453125 0.05093555093555094 0.0640625
0 0.12785862785862787 0.45625 0.0498960498960499 0.06171875