4 0.6855509355509356 0.287109375 0.02182952182952183 0.034375
7 0.5982328482328483 0.284765625 0.02702702702702703 0.0359375
9 0.514033264033264 0.28125 0.02494802494802495 0.03515625
8 0.4267151767151767 0.278125 0.02494802494802495 0.034375
3 0.3414760914760915 0.274609375 0.02390852390852391 0.03515625
8 0.25415800415800416 0.272265625 0.02494802494802495 0.0328125
3 0.6891891891891891 0.418359375 0.02079002079002079 0.03515625
8 0.5883575883575883 0.41328125 0.02494802494802495 0.034375
4 0.502079002079002 0.40859375 0.02702702702702703 0.034375
3 0.41528066528066526 0.405078125 0.02286902286902287 0.03515625
7 0.33004158004158 0.400390625 0.02494802494802495 0.034375
0 0.24896049896049896 0.397265625 0.02494802494802495 0.034375