4 0.8471933471933472 0.359765625 0.02702702702702703 0.05078125
0 0.7276507276507277 0.354296875 0.037422037422037424 0.053125
2 0.6013513513513513 0.3484375 0.037422037422037424 0.0515625
7 0.4693347193347193 0.341796875 0.038461538461538464 0.05390625
3 0.34355509355509356 0.3359375 0.037422037422037424 0.053125
8 0.21205821205821207 0.3296875 0.04158004158004158 0.053125
4 0.841995841995842 0.5453125 0.035343035343035345 0.05
4 0.7125779625779626 0.53984375 0.0395010395010395 0.05390625
0 0.5795218295218295 0.5328125 0.037422037422037424 0.0515625
0 0.4527027027027027 0.529296875 0.04365904365904366 0.05703125
7 0.32744282744282743 0.522265625 0.0395010395010395 0.05390625
0 0.19646569646569648 0.517578125 0.0395010395010395 0.05234375