5 0.590956340956341 0.2171875 0.017671517671517672 0.02734375
4 0.5265072765072765 0.217578125 0.017671517671517672 0.02578125
2 0.4579002079002079 0.218359375 0.017671517671517672 0.0265625
7 0.3913721413721414 0.21875 0.017671517671517672 0.02578125
3 0.32588357588357586 0.21953125 0.015592515592515593 0.025
8 0.2583160083160083 0.219921875 0.017671517671517672 0.02578125
4 0.590956340956341 0.315625 0.017671517671517672 0.0265625
5 0.5291060291060291 0.31640625 0.017671517671517672 0.02578125
0 0.4594594594594595 0.316015625 0.017671517671517672 0.02578125
0 0.39293139293139295 0.316796875 0.017671517671517672 0.0265625
7 0.32744282744282743 0.3171875 0.01975051975051975 0.02578125
0 0.2598752598752599 0.31875 0.017671517671517672 0.02578125