8 0.7146569646569647 0.258984375 0.028066528066528068 0.04609375
5 0.5847193347193347 0.2546875 0.032224532224532226 0.04765625
4 0.46413721413721415 0.2515625 0.033264033264033266 0.04765625
7 0.34355509355509356 0.248046875 0.032224532224532226 0.0453125
3 0.22297297297297297 0.245703125 0.032224532224532226 0.04609375
8 0.1023908523908524 0.242578125 0.035343035343035345 0.046875
9 0.7089397089397089 0.430078125 0.02598752598752599 0.04453125
5 0.46153846153846156 0.4234375 0.031185031185031187 0.046875
2 0.5758835758835759 0.427734375 0.031185031185031187 0.046875
0 0.3399168399168399 0.42265625 0.032224532224532226 0.04609375
7 0.2203742203742204 0.41953125 0.034303534303534305 0.0484375
0 0.10187110187110188 0.41953125 0.034303534303534305 0.04609375