0 0.6845114345114345 0.4328125 0.016632016632016633 0.02265625
0 0.6283783783783784 0.430859375 0.016632016632016633 0.02265625
2 0.5722453222453222 0.427734375 0.018711018711018712 0.02421875
3 0.511954261954262 0.425390625 0.014553014553014554 0.02265625
3 0.45686070686070684 0.42421875 0.014553014553014554 0.02265625
8 0.4002079002079002 0.42109375 0.018711018711018712 0.02265625
4 0.6777546777546778 0.51484375 0.016632016632016633 0.02109375
5 0.6226611226611226 0.512890625 0.014553014553014554 0.02265625
1 0.5628898128898129 0.509765625 0.010395010395010396 0.02265625
6 0.4516632016632017 0.50546875 0.016632016632016633 0.02265625
4 0.5077962577962578 0.508203125 0.016632016632016633 0.02265625
0 0.39345114345114346 0.50390625 0.016632016632016633 0.02265625