1 0.5987525987525988 0.346484375 0.009355509355509356 0.02109375
0 0.5509355509355509 0.35 0.014553014553014554 0.02109375
9 0.498960498960499 0.353515625 0.014553014553014554 0.02109375
8 0.44542619542619544 0.357421875 0.014553014553014554 0.02109375
3 0.39345114345114346 0.3609375 0.013513513513513514 0.02109375
8 0.3425155925155925 0.363671875 0.013513513513513514 0.02109375
9 0.6143451143451143 0.42578125 0.014553014553014554 0.02109375
3 0.5597713097713097 0.42890625 0.015592515592515593 0.02265625
4 0.5046777546777547 0.431640625 0.016632016632016633 0.02109375
3 0.4516632016632017 0.434765625 0.013513513513513514 0.021875
7 0.4017671517671518 0.4375 0.015592515592515593 0.02109375
0 0.35135135135135137 0.441015625 0.014553014553014554 0.02109375