4 0.7001039501039501 0.294921875 0.02390852390852391 0.034375
7 0.6127858627858628 0.288671875 0.029106029106029108 0.03671875
9 0.5291060291060291 0.282421875 0.02702702702702703 0.0359375
8 0.4423076923076923 0.275390625 0.02702702702702703 0.034375
3 0.3575883575883576 0.26875 0.02702702702702703 0.0359375
8 0.2702702702702703 0.262890625 0.02702702702702703 0.03359375
3 0.6943866943866944 0.42578125 0.02286902286902287 0.0359375
8 0.5940748440748441 0.416796875 0.02702702702702703 0.034375
4 0.5088357588357588 0.40859375 0.029106029106029108 0.03515625
3 0.42203742203742206 0.401953125 0.02494802494802495 0.0359375
7 0.3373180873180873 0.39375 0.02702702702702703 0.03515625
0 0.25675675675675674 0.3875 0.02702702702702703 0.034375