0 0.7063409563409564 0.2640625 0.038461538461538464 0.05078125
8 0.5758835758835759 0.253515625 0.0395010395010395 0.0515625
6 0.31392931392931395 0.230078125 0.0395010395010395 0.05234375
9 0.44334719334719336 0.24375 0.0395010395010395 0.05234375
3 0.1891891891891892 0.22265625 0.0395010395010395 0.05234375
8 0.058731808731808735 0.21171875 0.038461538461538464 0.053125
8 0.66008316008316 0.444921875 0.034303534303534305 0.05234375
5 0.5436590436590436 0.436328125 0.0395010395010395 0.05234375
8 0.4178794178794179 0.425 0.0395010395010395 0.05234375
6 0.16164241164241164 0.403515625 0.04158004158004158 0.05390625
9 0.28638253638253636 0.416015625 0.04158004158004158 0.0515625
0 0.032224532224532226 0.396484375 0.0395010395010395 0.05234375