8 0.6824324324324325 0.215234375 0.033264033264033266 0.04765625
5 0.5576923076923077 0.22109375 0.031185031185031187 0.04921875
4 0.4365904365904366 0.22734375 0.031185031185031187 0.04765625
7 0.316008316008316 0.234375 0.033264033264033266 0.04765625
3 0.19542619542619544 0.240625 0.031185031185031187 0.04609375
8 0.07640332640332641 0.24765625 0.033264033264033266 0.04609375
1 0.6923076923076923 0.390234375 0.02182952182952183 0.046875
1 0.5743243243243243 0.396484375 0.02494802494802495 0.04765625
7 0.45582120582120583 0.401953125 0.033264033264033266 0.04921875
0 0.33264033264033266 0.408984375 0.033264033264033266 0.04765625
7 0.21621621621621623 0.415234375 0.035343035343035345 0.04921875
0 0.0971933471933472 0.423828125 0.033264033264033266 0.04609375