5 0.5852390852390852 0.432421875 0.02182952182952183 0.03125
5 0.5077962577962578 0.42578125 0.02494802494802495 0.03125
9 0.4386694386694387 0.42265625 0.02390852390852391 0.0296875
7 0.3633056133056133 0.41640625 0.02598752598752599 0.03125
3 0.29313929313929316 0.411328125 0.02390852390852391 0.03125
8 0.2182952182952183 0.405859375 0.02390852390852391 0.0296875
5 0.5608108108108109 0.533984375 0.016632016632016633 0.03046875
4 0.4974012474012474 0.5296875 0.02390852390852391 0.0296875
9 0.42515592515592515 0.524609375 0.02182952182952183 0.028125
1 0.35135135135135137 0.520703125 0.017671517671517672 0.02890625
7 0.2806652806652807 0.515625 0.02390852390852391 0.03125
0 0.20841995841995842 0.5109375 0.02390852390852391 0.028125