5 0.4625 0.41216216216216217 0.009375 0.02598752598752599
2 0.572265625 0.42515592515592515 0.0109375 0.02598752598752599
8 0.388671875 0.40436590436590436 0.0109375 0.02598752598752599
3 0.42578125 0.409043659043659 0.0109375 0.02598752598752599
7 0.535546875 0.4215176715176715 0.0109375 0.02598752598752599
2 0.49921875 0.41735966735966734 0.0109375 0.02598752598752599
6 0.45703125 0.5062370062370062 0.0109375 0.02598752598752599
7 0.49453125 0.510914760914761 0.0109375 0.02598752598752599
6 0.419921875 0.502079002079002 0.01171875 0.02598752598752599
2 0.569921875 0.5197505197505198 0.01015625 0.02598752598752599
1 0.530078125 0.5161122661122661 0.0078125 0.02702702702702703
0 0.382421875 0.5 0.0109375 0.02598752598752599