0 0.5582120582120582 0.47265625 0.016632016632016633 0.01953125
5 0.5114345114345115 0.46953125 0.015592515592515593 0.01953125
1 0.4604989604989605 0.46796875 0.013513513513513514 0.02109375
6 0.4126819126819127 0.465625 0.015592515592515593 0.01953125
3 0.36382536382536385 0.4640625 0.014553014553014554 0.01953125
8 0.31392931392931395 0.46171875 0.014553014553014554 0.01953125
5 0.5576923076923077 0.54296875 0.014553014553014554 0.01953125
1 0.5036382536382537 0.54140625 0.011434511434511435 0.01953125
1 0.45374220374220375 0.537890625 0.011434511434511435 0.01953125
8 0.408004158004158 0.53671875 0.015592515592515593 0.01953125
6 0.3586278586278586 0.53359375 0.014553014553014554 0.01953125
0 0.3082120582120582 0.5328125 0.014553014553014554 0.01953125