8 0.32744282744282743 0.3890625 0.02390852390852391 0.03125
3 0.409043659043659 0.398046875 0.02182952182952183 0.03125
7 0.48284823284823286 0.40546875 0.02494802494802495 0.0328125
4 0.5602910602910602 0.412890625 0.02286902286902287 0.03125
5 0.6356548856548857 0.419921875 0.02286902286902287 0.0328125
8 0.7198544698544699 0.4296875 0.02182952182952183 0.03125
7 0.3887733887733888 0.5078125 0.02494802494802495 0.03125
6 0.5410602910602911 0.52265625 0.02286902286902287 0.03125
0 0.46413721413721415 0.515625 0.02390852390852391 0.03125
0 0.3113305613305613 0.50234375 0.02390852390852391 0.03125
7 0.6907484407484408 0.5375 0.02286902286902287 0.03125
3 0.6185031185031185 0.530859375 0.02286902286902287 0.03125