5 0.46015625 0.41372141372141374 0.00859375 0.02598752598752599
2 0.5703125 0.4215176715176715 0.01015625 0.02598752598752599
8 0.386328125 0.4100831600831601 0.01015625 0.02598752598752599
3 0.4234375 0.4126819126819127 0.01015625 0.02598752598752599
7 0.53359375 0.41995841995842 0.01015625 0.02598752598752599
2 0.496875 0.41735966735966734 0.01015625 0.02598752598752599
6 0.457421875 0.5083160083160083 0.0109375 0.02598752598752599
7 0.494921875 0.510914760914761 0.01015625 0.02598752598752599
6 0.419921875 0.5057172557172557 0.0109375 0.02598752598752599
2 0.5703125 0.5161122661122661 0.009375 0.02598752598752599
1 0.530859375 0.5145530145530145 0.0078125 0.02702702702702703
0 0.382421875 0.5051975051975052 0.0109375 0.02598752598752599