4 0.6964656964656964 0.322265625 0.034303534303534305 0.04921875
0 0.5686070686070686 0.3265625 0.033264033264033266 0.04921875
4 0.44594594594594594 0.3296875 0.033264033264033266 0.04921875
7 0.3180873180873181 0.33203125 0.034303534303534305 0.04921875
3 0.19386694386694386 0.3359375 0.034303534303534305 0.04921875
8 0.06912681912681913 0.3375 0.034303534303534305 0.04921875
3 0.6954261954261954 0.505078125 0.02390852390852391 0.0484375
5 0.4553014553014553 0.508203125 0.031185031185031187 0.0484375
2 0.5769230769230769 0.507421875 0.033264033264033266 0.04921875
0 0.32588357588357586 0.51328125 0.033264033264033266 0.04921875
7 0.20218295218295218 0.515625 0.036382536382536385 0.04921875
0 0.07536382536382537 0.52109375 0.034303534303534305 0.04921875