5 0.6543659043659044 0.401953125 0.02390852390852391 0.0359375
4 0.5498960498960499 0.395703125 0.029106029106029108 0.0390625
8 0.3612266112266112 0.384375 0.029106029106029108 0.0390625
1 0.4553014553014553 0.390625 0.02079002079002079 0.03828125
3 0.26715176715176714 0.378125 0.02702702702702703 0.03828125
8 0.1704781704781705 0.37265625 0.030145530145530147 0.0375
5 0.6335758835758836 0.536328125 0.02494802494802495 0.0375
3 0.5369022869022869 0.531640625 0.02494802494802495 0.0375
0 0.44386694386694386 0.526171875 0.02702702702702703 0.0359375
2 0.3471933471933472 0.521484375 0.02702702702702703 0.03828125
7 0.25519750519750517 0.516015625 0.029106029106029108 0.0390625
0 0.15644490644490644 0.512109375 0.031185031185031187 0.0390625