2 0.5343035343035343 0.391015625 0.017671517671517672 0.02890625
7 0.4573804573804574 0.394140625 0.02079002079002079 0.0296875
3 0.380977130977131 0.396875 0.01975051975051975 0.02890625
7 0.303014553014553 0.399609375 0.01975051975051975 0.03046875
3 0.2260914760914761 0.4015625 0.02079002079002079 0.0296875
8 0.1502079002079002 0.404296875 0.01975051975051975 0.02890625
7 0.5405405405405406 0.501171875 0.02079002079002079 0.0296875
9 0.46361746361746364 0.5046875 0.017671517671517672 0.02890625
4 0.3887733887733888 0.506640625 0.01975051975051975 0.02890625
0 0.3102910602910603 0.509765625 0.02079002079002079 0.02890625
7 0.23544698544698545 0.5125 0.02286902286902287 0.03046875
0 0.15748440748440748 0.516015625 0.02079002079002079 0.0296875