7 0.8607068607068608 0.20234375 0.0395010395010395 0.0609375
2 0.7120582120582121 0.203125 0.035343035343035345 0.059375
0 0.5686070686070686 0.2046875 0.0395010395010395 0.059375
7 0.42411642411642414 0.2046875 0.031185031185031187 0.059375
8 0.13201663201663202 0.20703125 0.035343035343035345 0.05625
3 0.2817047817047817 0.20703125 0.0395010395010395 0.0578125
7 0.8659043659043659 0.41171875 0.04158004158004158 0.0578125
0 0.7141372141372141 0.4125 0.04158004158004158 0.05625
0 0.5706860706860707 0.41328125 0.0395010395010395 0.0578125
0 0.4282744282744283 0.415625 0.04158004158004158 0.0578125
7 0.28482328482328484 0.41640625 0.0395010395010395 0.0609375
0 0.1392931392931393 0.41796875 0.0395010395010395 0.0578125