8 0.6242203742203742 0.4046875 0.017671517671517672 0.0265625
6 0.5504158004158004 0.399609375 0.02079002079002079 0.028125
8 0.48336798336798337 0.394921875 0.01975051975051975 0.02734375
7 0.41164241164241167 0.390234375 0.02079002079002079 0.028125
3 0.3425155925155925 0.386328125 0.02079002079002079 0.028125
8 0.2718295218295218 0.381640625 0.02182952182952183 0.0265625
1 0.6029106029106029 0.503515625 0.012474012474012475 0.02734375
4 0.5405405405405406 0.5 0.02079002079002079 0.0265625
9 0.4703742203742204 0.49453125 0.01975051975051975 0.0265625
1 0.39864864864864863 0.49140625 0.014553014553014554 0.02734375
7 0.33264033264033266 0.48671875 0.02286902286902287 0.02890625
0 0.2609147609147609 0.4828125 0.02079002079002079 0.028125