2 0.46413721413721415 0.40078125 0.013513513513513514 0.01875
8 0.42255717255717257 0.402734375 0.013513513513513514 0.01796875
2 0.37577962577962576 0.40546875 0.013513513513513514 0.01875
5 0.3316008316008316 0.407421875 0.011434511434511435 0.01875
3 0.28794178794178793 0.41015625 0.013513513513513514 0.01875
8 0.24220374220374222 0.412109375 0.011434511434511435 0.0171875
1 0.4734927234927235 0.46484375 0.009355509355509356 0.01875
7 0.4287941787941788 0.468359375 0.013513513513513514 0.01796875
8 0.3840956340956341 0.46953125 0.011434511434511435 0.0171875
6 0.33835758835758833 0.472265625 0.013513513513513514 0.0171875
6 0.29365904365904366 0.47421875 0.013513513513513514 0.01875
0 0.24844074844074845 0.477734375 0.013513513513513514 0.0171875