7 0.6845114345114345 0.352734375 0.011434511434511435 0.0203125
2 0.6242203742203742 0.355859375 0.013513513513513514 0.021875
1 0.5712058212058212 0.358203125 0.011434511434511435 0.02109375
3 0.5176715176715176 0.361328125 0.013513513513513514 0.02109375
3 0.4656964656964657 0.36328125 0.013513513513513514 0.0203125
8 0.41164241164241167 0.36640625 0.013513513513513514 0.0203125
8 0.6881496881496881 0.430078125 0.015592515592515593 0.0203125
6 0.632016632016632 0.433203125 0.015592515592515593 0.0203125
8 0.579002079002079 0.435546875 0.013513513513513514 0.0203125
3 0.5254677754677755 0.43828125 0.013513513513513514 0.021875
6 0.47245322245322247 0.440625 0.015592515592515593 0.021875
0 0.4183991683991684 0.443359375 0.015592515592515593 0.0203125