4 0.7006237006237006 0.325 0.033264033264033266 0.0484375
0 0.5727650727650727 0.32734375 0.031185031185031187 0.0484375
4 0.4501039501039501 0.32890625 0.033264033264033266 0.0484375
7 0.32224532224532226 0.3296875 0.033264033264033266 0.0484375
3 0.19750519750519752 0.33203125 0.031185031185031187 0.0484375
8 0.07276507276507277 0.33203125 0.033264033264033266 0.0484375
3 0.6954261954261954 0.5078125 0.02079002079002079 0.0484375
5 0.4553014553014553 0.5078125 0.029106029106029108 0.0484375
2 0.5769230769230769 0.50859375 0.031185031185031187 0.0484375
0 0.32536382536382535 0.5109375 0.031185031185031187 0.0484375
7 0.20166320166320167 0.51171875 0.033264033264033266 0.0484375
0 0.07484407484407485 0.515625 0.033264033264033266 0.0484375