5 0.5332640332640333 0.43515625 0.028066528066528068 0.0359375
8 0.617983367983368 0.441796875 0.02286902286902287 0.03515625
5 0.4417879417879418 0.42890625 0.02598752598752599 0.0375
8 0.3518711018711019 0.421484375 0.028066528066528068 0.0359375
3 0.262993762993763 0.415234375 0.02702702702702703 0.0359375
5 0.1741164241164241 0.409765625 0.028066528066528068 0.0390625
7 0.2448024948024948 0.54453125 0.028066528066528068 0.0375
9 0.42203742203742206 0.558203125 0.028066528066528068 0.0359375
9 0.6044698544698545 0.5734375 0.028066528066528068 0.0375
9 0.5135135135135135 0.5671875 0.029106029106029108 0.0375
2 0.33264033264033266 0.552734375 0.028066528066528068 0.0390625
0 0.158004158004158 0.5390625 0.028066528066528068 0.0359375