8 0.15644490644490644 0.316796875 0.02390852390852391 0.03203125
3 0.24272349272349272 0.315234375 0.02182952182952183 0.03203125
7 0.32276507276507277 0.3140625 0.02182952182952183 0.03203125
6 0.48804573804573803 0.309375 0.02182952182952183 0.03203125
8 0.4100831600831601 0.31171875 0.02390852390852391 0.03203125
4 0.567047817047817 0.308203125 0.018711018711018712 0.0328125
4 0.5077962577962578 0.426953125 0.017671517671517672 0.03046875
5 0.4178794178794179 0.429296875 0.02079002079002079 0.0328125
0 0.5867983367983368 0.425 0.018711018711018712 0.03203125
1 0.3305613305613306 0.433203125 0.015592515592515593 0.0328125
7 0.2505197505197505 0.435546875 0.02286902286902287 0.03359375
0 0.1652806652806653 0.4390625 0.02286902286902287 0.0328125