5 0.5467775467775468 0.360546875 0.017671517671517672 0.02578125
8 0.6122661122661123 0.35859375 0.015592515592515593 0.025
4 0.48336798336798337 0.362109375 0.016632016632016633 0.0265625
3 0.35135135135135137 0.36640625 0.017671517671517672 0.02578125
8 0.28274428274428276 0.36796875 0.017671517671517672 0.02578125
7 0.4158004158004158 0.364453125 0.017671517671517672 0.02578125
9 0.6195426195426196 0.453125 0.015592515592515593 0.025
4 0.553014553014553 0.45546875 0.017671517671517672 0.02578125
0 0.4885654885654886 0.457421875 0.017671517671517672 0.02578125
1 0.420997920997921 0.459765625 0.011434511434511435 0.02578125
7 0.3586278586278586 0.462109375 0.017671517671517672 0.0265625
0 0.2915800415800416 0.465625 0.017671517671517672 0.02578125