4 0.6086278586278586 0.316015625 0.02598752598752599 0.03046875
3 0.5317047817047817 0.315625 0.02598752598752599 0.03359375
7 0.4573804573804574 0.315234375 0.028066528066528068 0.03359375
8 0.38253638253638256 0.31484375 0.02598752598752599 0.03359375
3 0.3087318087318087 0.314453125 0.02390852390852391 0.03359375
8 0.2338877338877339 0.3140625 0.02494802494802495 0.03203125
4 0.6013513513513513 0.426171875 0.01975051975051975 0.03203125
9 0.5306652806652806 0.42421875 0.02390852390852391 0.03203125
3 0.45686070686070684 0.423046875 0.02598752598752599 0.03203125
3 0.382016632016632 0.4234375 0.02494802494802495 0.03203125
7 0.3082120582120582 0.421484375 0.02598752598752599 0.03515625
0 0.2344074844074844 0.421875 0.02598752598752599 0.03359375