0 0.682952182952183 0.24921875 0.033264033264033266 0.04765625
8 0.5654885654885655 0.24609375 0.032224532224532226 0.0453125
6 0.3269230769230769 0.23828125 0.034303534303534305 0.0453125
9 0.44594594594594594 0.24375 0.032224532224532226 0.04609375
3 0.2104989604989605 0.2359375 0.030145530145530147 0.04609375
8 0.09303534303534304 0.2328125 0.032224532224532226 0.04453125
5 0.66008316008316 0.415625 0.02598752598752599 0.04453125
7 0.4365904365904366 0.408984375 0.036382536382536385 0.046875
2 0.5540540540540541 0.413671875 0.034303534303534305 0.046875
6 0.2047817047817048 0.40234375 0.034303534303534305 0.04609375
9 0.3201663201663202 0.4078125 0.032224532224532226 0.04609375
0 0.08627858627858628 0.4015625 0.034303534303534305 0.04609375