6 0.5561330561330561 0.3953125 0.02390852390852391 0.0296875
3 0.48232848232848236 0.40546875 0.02390852390852391 0.0296875
1 0.4074844074844075 0.415625 0.018711018711018712 0.03046875
8 0.33471933471933474 0.42578125 0.02390852390852391 0.0296875
3 0.2583160083160083 0.436328125 0.02598752598752599 0.03125
8 0.1813929313929314 0.44765625 0.02390852390852391 0.03125
5 0.5852390852390852 0.501171875 0.02182952182952183 0.0296875
3 0.5098752598752598 0.512890625 0.02182952182952183 0.03125
0 0.43607068607068605 0.522265625 0.02390852390852391 0.0296875
2 0.36174636174636177 0.534375 0.02390852390852391 0.03125
7 0.2869022869022869 0.54453125 0.02598752598752599 0.03125
0 0.21153846153846154 0.55703125 0.02598752598752599 0.03046875