5 0.5758835758835759 0.399609375 0.01975051975051975 0.028125
2 0.5072765072765073 0.409375 0.02182952182952183 0.0296875
5 0.4407484407484408 0.41796875 0.02182952182952183 0.0296875
8 0.37266112266112267 0.4265625 0.02390852390852391 0.0296875
3 0.30613305613305614 0.43515625 0.02182952182952183 0.0296875
8 0.23752598752598753 0.444140625 0.02390852390852391 0.0296875
5 0.5296257796257796 0.50703125 0.02182952182952183 0.03125
7 0.4630977130977131 0.51484375 0.02390852390852391 0.0296875
2 0.39449064449064447 0.525390625 0.02182952182952183 0.0296875
7 0.3269230769230769 0.533203125 0.02390852390852391 0.03125
0 0.25935550935550933 0.542578125 0.02182952182952183 0.028125