5 0.5893970893970893 0.40625 0.015592515592515593 0.0265625
2 0.5197505197505198 0.41015625 0.017671517671517672 0.02890625
5 0.4521829521829522 0.413671875 0.018711018711018712 0.02890625
8 0.38357588357588357 0.4171875 0.01975051975051975 0.02890625
3 0.31652806652806653 0.4203125 0.018711018711018712 0.02890625
8 0.24688149688149688 0.423828125 0.01975051975051975 0.028125
5 0.5285862785862786 0.509375 0.018711018711018712 0.0296875
7 0.461018711018711 0.512109375 0.01975051975051975 0.028125
2 0.3913721413721414 0.516796875 0.017671517671517672 0.02890625
7 0.3232848232848233 0.51953125 0.01975051975051975 0.0296875
0 0.25467775467775466 0.5234375 0.017671517671517672 0.02734375