4 0.685031185031185 0.409765625 0.02079002079002079 0.03203125
6 0.6044698544698545 0.413671875 0.02494802494802495 0.03203125
8 0.5265072765072765 0.418359375 0.02286902286902287 0.03203125
7 0.44438669438669437 0.422265625 0.02286902286902287 0.03203125
3 0.36694386694386694 0.426171875 0.02286902286902287 0.03359375
8 0.2869022869022869 0.430078125 0.02494802494802495 0.03359375
3 0.5358627858627859 0.53359375 0.02286902286902287 0.03203125
8 0.6975051975051975 0.528125 0.02494802494802495 0.03203125
0 0.6159043659043659 0.53125 0.02494802494802495 0.03203125
7 0.37577962577962576 0.541015625 0.02494802494802495 0.03515625
1 0.4516632016632017 0.538671875 0.018711018711018712 0.03203125
0 0.29677754677754675 0.54453125 0.02286902286902287 0.03203125