8 0.26559251559251557 0.334765625 0.02702702702702703 0.03984375
0 0.5587318087318087 0.32734375 0.02494802494802495 0.0390625
8 0.4630977130977131 0.3296875 0.02494802494802495 0.03828125
3 0.3685031185031185 0.332421875 0.02286902286902287 0.03984375
4 0.6491683991683992 0.32578125 0.02286902286902287 0.03828125
8 0.7494802494802495 0.323046875 0.018711018711018712 0.03984375
2 0.7406444906444907 0.459375 0.018711018711018712 0.03515625
7 0.6554054054054054 0.463671875 0.02494802494802495 0.03671875
9 0.5639293139293139 0.46640625 0.02286902286902287 0.03828125
7 0.37525987525987525 0.47421875 0.02702702702702703 0.03984375
1 0.4682952182952183 0.471875 0.017671517671517672 0.0390625
0 0.27754677754677753 0.480078125 0.02702702702702703 0.03984375