7 0.6943866943866944 0.360546875 0.010395010395010396 0.0203125
2 0.6340956340956341 0.3609375 0.013513513513513514 0.021875
1 0.581081081081081 0.361328125 0.010395010395010396 0.0203125
3 0.527027027027027 0.362109375 0.013513513513513514 0.0203125
3 0.47505197505197505 0.362109375 0.012474012474012475 0.0203125
8 0.420997920997921 0.362890625 0.013513513513513514 0.0203125
8 0.6928274428274428 0.4375 0.014553014553014554 0.0203125
6 0.6366943866943867 0.438671875 0.014553014553014554 0.0203125
8 0.5836798336798337 0.438671875 0.012474012474012475 0.0203125
3 0.5296257796257796 0.439453125 0.012474012474012475 0.021875
6 0.4766112266112266 0.439453125 0.015592515592515593 0.021875
0 0.42255717255717257 0.440234375 0.014553014553014554 0.0203125