4 0.5971933471933472 0.28984375 0.02390852390852391 0.03125
6 0.5192307692307693 0.29921875 0.02494802494802495 0.0328125
8 0.4423076923076923 0.3078125 0.02598752598752599 0.03203125
7 0.3596673596673597 0.317578125 0.02598752598752599 0.0328125
3 0.2806652806652807 0.3265625 0.02390852390852391 0.03125
8 0.20062370062370063 0.3359375 0.02390852390852391 0.03125
9 0.6304573804573804 0.40546875 0.02598752598752599 0.0328125
5 0.5462577962577962 0.415234375 0.02598752598752599 0.0328125
3 0.46361746361746364 0.42421875 0.02598752598752599 0.0328125
7 0.30457380457380456 0.441796875 0.028066528066528068 0.03359375
1 0.3804573804573805 0.434375 0.01975051975051975 0.0328125
0 0.22453222453222454 0.45234375 0.02390852390852391 0.03125