8 0.5987525987525988 0.3484375 0.02079002079002079 0.03046875
3 0.5239085239085239 0.348828125 0.02390852390852391 0.03046875
1 0.44542619542619544 0.35 0.018711018711018712 0.03203125
8 0.3685031185031185 0.351953125 0.02286902286902287 0.0328125
3 0.2895010395010395 0.35234375 0.02286902286902287 0.03359375
8 0.21153846153846154 0.353125 0.02390852390852391 0.03125
5 0.606029106029106 0.458984375 0.02494802494802495 0.03515625
3 0.527027027027027 0.4609375 0.02390852390852391 0.03046875
0 0.4506237006237006 0.462109375 0.02182952182952183 0.03046875
2 0.3716216216216216 0.463671875 0.02182952182952183 0.03203125
7 0.2946985446985447 0.465625 0.02702702702702703 0.03359375
0 0.21621621621621623 0.468359375 0.02494802494802495 0.03203125