6 0.3310810810810811 0.3640625 0.016632016632016633 0.02109375
8 0.2208939708939709 0.36953125 0.016632016632016633 0.02421875
5 0.4417879417879418 0.358203125 0.014553014553014554 0.02109375
3 0.27702702702702703 0.367578125 0.016632016632016633 0.02265625
4 0.3872141372141372 0.36171875 0.016632016632016633 0.02265625
9 0.498960498960499 0.355859375 0.016632016632016633 0.02265625
6 0.28638253638253636 0.4453125 0.016632016632016633 0.02265625
7 0.501039501039501 0.433984375 0.014553014553014554 0.02265625
3 0.4506237006237006 0.4375 0.016632016632016633 0.02265625
8 0.3414760914760915 0.443359375 0.014553014553014554 0.02265625
2 0.39345114345114346 0.440625 0.018711018711018712 0.02265625
0 0.23076923076923078 0.45 0.016632016632016633 0.02265625