0 0.6767151767151767 0.2984375 0.02494802494802495 0.03671875
2 0.58004158004158 0.30234375 0.018711018711018712 0.03671875
3 0.4911642411642412 0.30703125 0.02494802494802495 0.03671875
7 0.3976091476091476 0.312109375 0.02494802494802495 0.03515625
3 0.30717255717255715 0.316796875 0.02494802494802495 0.03515625
8 0.2130977130977131 0.322265625 0.02494802494802495 0.03515625
0 0.681912681912682 0.4328125 0.02079002079002079 0.03515625
6 0.5961538461538461 0.437109375 0.02598752598752599 0.03671875
4 0.5046777546777547 0.44140625 0.02494802494802495 0.03671875
0 0.4111226611226611 0.44609375 0.02702702702702703 0.03828125
7 0.3186070686070686 0.45078125 0.02702702702702703 0.03671875
0 0.22765072765072766 0.45703125 0.02494802494802495 0.03515625