0 0.5140625 0.4407484407484408 0.01953125 0.04573804573804574
6 0.272265625 0.4007276507276507 0.01953125 0.04365904365904366
9 0.3921875 0.4204781704781705 0.01953125 0.04365904365904366
7 0.332421875 0.41164241164241167 0.02109375 0.04573804573804574
2 0.455078125 0.43295218295218296 0.01953125 0.04781704781704782
0 0.210546875 0.39397089397089397 0.01953125 0.04365904365904366
5 0.463671875 0.27754677754677753 0.01953125 0.04365904365904366
5 0.34375 0.2577962577962578 0.01953125 0.04365904365904366
7 0.52109375 0.2869022869022869 0.01796875 0.04365904365904366
8 0.40625 0.2687110187110187 0.01953125 0.04365904365904366
8 0.2234375 0.2390852390852391 0.01953125 0.04573804573804574
3 0.28515625 0.24896049896049896 0.01953125 0.04573804573804574