8 0.3004158004158004 0.41796875 0.02182952182952183 0.03046875
3 0.38253638253638256 0.414453125 0.02079002079002079 0.03125
7 0.4573804573804574 0.41015625 0.02390852390852391 0.03203125
4 0.5348232848232848 0.405078125 0.02182952182952183 0.03046875
5 0.6107068607068608 0.4 0.02079002079002079 0.03203125
8 0.6954261954261954 0.396875 0.02079002079002079 0.03046875
7 0.39345114345114346 0.525 0.02390852390852391 0.03125
6 0.5467775467775468 0.515625 0.02182952182952183 0.03046875
0 0.4688149688149688 0.520703125 0.02182952182952183 0.03046875
0 0.316008316008316 0.531640625 0.02286902286902287 0.03125
7 0.696985446985447 0.506640625 0.02182952182952183 0.03046875
3 0.6242203742203742 0.511328125 0.02182952182952183 0.03046875