8 0.24532224532224534 0.40234375 0.01975051975051975 0.02578125
3 0.3128898128898129 0.39921875 0.017671517671517672 0.02578125
8 0.37733887733887733 0.395703125 0.01975051975051975 0.02578125
2 0.4417879417879418 0.392578125 0.017671517671517672 0.02578125
2 0.5077962577962578 0.389453125 0.017671517671517672 0.02578125
5 0.568087318087318 0.385546875 0.013513513513513514 0.02578125
7 0.32276507276507277 0.493359375 0.01975051975051975 0.02734375
0 0.25675675675675674 0.498046875 0.01975051975051975 0.02578125
2 0.38513513513513514 0.491015625 0.017671517671517672 0.02578125
2 0.4516632016632017 0.48671875 0.01975051975051975 0.02734375
2 0.5187110187110187 0.4828125 0.017671517671517672 0.02578125
6 0.5862785862785863 0.479296875 0.01975051975051975 0.025