7 0.853950103950104 0.19765625 0.04261954261954262 0.06171875
2 0.7053014553014553 0.200390625 0.034303534303534305 0.06015625
0 0.5618503118503119 0.20390625 0.04158004158004158 0.06015625
7 0.41735966735966734 0.205859375 0.033264033264033266 0.059375
8 0.12525987525987525 0.21171875 0.037422037422037424 0.05703125
3 0.27494802494802495 0.209765625 0.04158004158004158 0.05859375
7 0.8638253638253638 0.40703125 0.04158004158004158 0.05859375
0 0.7120582120582121 0.409765625 0.04158004158004158 0.05703125
0 0.5686070686070686 0.4125 0.04158004158004158 0.05859375
0 0.4261954261954262 0.41640625 0.04261954261954262 0.05859375
7 0.28274428274428276 0.419140625 0.04261954261954262 0.06171875
0 0.13721413721413722 0.42265625 0.04158004158004158 0.05859375