5 0.576171875 0.3627858627858628 0.009375 0.02182952182952183
6 0.66640625 0.37733887733887733 0.0078125 0.02182952182952183
8 0.6375 0.37266112266112267 0.009375 0.02182952182952183
2 0.605859375 0.36746361746361744 0.009375 0.02182952182952183
3 0.546875 0.3581081081081081 0.009375 0.02182952182952183
8 0.515625 0.35395010395010396 0.009375 0.02182952182952183
8 0.600390625 0.44490644490644493 0.009375 0.02182952182952183
6 0.5390625 0.43503118503118504 0.009375 0.02182952182952183
1 0.658984375 0.45478170478170477 0.00625 0.01975051975051975
6 0.569140625 0.4412681912681913 0.009375 0.02182952182952183
7 0.6296875 0.45114345114345117 0.009375 0.02182952182952183
0 0.50859375 0.4313929313929314 0.009375 0.02182952182952183