4 0.6257796257796258 0.298828125 0.01975051975051975 0.03046875
6 0.5467775467775468 0.3015625 0.02079002079002079 0.03125
8 0.4693347193347193 0.3046875 0.02182952182952183 0.03046875
7 0.38617463617463615 0.307421875 0.02182952182952183 0.03125
3 0.30613305613305614 0.310546875 0.02079002079002079 0.03046875
8 0.22505197505197505 0.31328125 0.01975051975051975 0.03046875
9 0.6429313929313929 0.41640625 0.02182952182952183 0.03125
5 0.5576923076923077 0.41953125 0.02286902286902287 0.03203125
3 0.47453222453222454 0.421875 0.02182952182952183 0.03203125
7 0.3134095634095634 0.4265625 0.02286902286902287 0.03203125
1 0.3903326403326403 0.425390625 0.015592515592515593 0.03125
0 0.23284823284823286 0.43125 0.02079002079002079 0.03046875