2 0.4807692307692308 0.3984375 0.014553014553014554 0.01953125
8 0.4391891891891892 0.396484375 0.014553014553014554 0.01796875
2 0.3924116424116424 0.394921875 0.014553014553014554 0.01953125
5 0.3477130977130977 0.39296875 0.012474012474012475 0.01953125
3 0.30405405405405406 0.39140625 0.014553014553014554 0.01953125
8 0.2583160083160083 0.389453125 0.012474012474012475 0.01796875
1 0.4792099792099792 0.4625 0.010395010395010396 0.01953125
7 0.43451143451143454 0.462109375 0.014553014553014554 0.01796875
8 0.3898128898128898 0.458984375 0.012474012474012475 0.01796875
6 0.34407484407484407 0.4578125 0.014553014553014554 0.01796875
6 0.2993762993762994 0.45546875 0.014553014553014554 0.01953125
0 0.25363825363825365 0.4546875 0.014553014553014554 0.01796875