0 0.6741164241164241 0.41875 0.015592515592515593 0.021875
0 0.617983367983368 0.42109375 0.015592515592515593 0.021875
2 0.5618503118503119 0.42265625 0.017671517671517672 0.0234375
3 0.5015592515592515 0.425 0.013513513513513514 0.021875
3 0.44646569646569645 0.427734375 0.013513513513513514 0.021875
8 0.3898128898128898 0.429296875 0.017671517671517672 0.02265625
4 0.6787941787941788 0.50078125 0.015592515592515593 0.02109375
5 0.6237006237006237 0.503125 0.013513513513513514 0.021875
1 0.5634095634095634 0.5046875 0.009355509355509356 0.021875
6 0.4527027027027027 0.508984375 0.015592515592515593 0.02265625
4 0.5088357588357588 0.507421875 0.015592515592515593 0.021875
0 0.39449064449064447 0.512109375 0.015592515592515593 0.02265625