5 0.632016632016632 0.384765625 0.02182952182952183 0.03515625
4 0.5275467775467776 0.39140625 0.028066528066528068 0.0390625
8 0.3388773388773389 0.401953125 0.028066528066528068 0.03828125
1 0.43295218295218296 0.396875 0.02079002079002079 0.03828125
3 0.2442827442827443 0.40703125 0.02598752598752599 0.03828125
8 0.14812889812889812 0.412890625 0.028066528066528068 0.0375
5 0.6392931392931392 0.519921875 0.02390852390852391 0.03671875
3 0.5431392931392931 0.5265625 0.02390852390852391 0.0375
0 0.4501039501039501 0.532421875 0.02598752598752599 0.0359375
2 0.35343035343035345 0.5390625 0.02598752598752599 0.03828125
7 0.2614345114345114 0.54453125 0.028066528066528068 0.0390625
0 0.1632016632016632 0.551953125 0.031185031185031187 0.0390625