8 0.1652806652806653 0.3078125 0.02286902286902287 0.03125
3 0.2515592515592516 0.30859375 0.02079002079002079 0.03125
7 0.3316008316008316 0.309375 0.02079002079002079 0.03125
6 0.4968814968814969 0.309375 0.02079002079002079 0.03125
8 0.4189189189189189 0.309375 0.02286902286902287 0.03125
4 0.5758835758835759 0.31015625 0.016632016632016633 0.0328125
4 0.5114345114345115 0.42734375 0.016632016632016633 0.0296875
5 0.420997920997921 0.42734375 0.018711018711018712 0.0328125
0 0.5904365904365905 0.42734375 0.016632016632016633 0.03125
1 0.33367983367983367 0.42890625 0.014553014553014554 0.0328125
7 0.25363825363825365 0.42890625 0.02286902286902287 0.0328125
0 0.1683991683991684 0.43046875 0.02079002079002079 0.0328125