8 0.6055093555093555 0.392578125 0.015592515592515593 0.02578125
6 0.5317047817047817 0.3953125 0.017671517671517672 0.02734375
8 0.46413721413721415 0.39765625 0.017671517671517672 0.02734375
7 0.3924116424116424 0.400390625 0.017671517671517672 0.02734375
3 0.32276507276507277 0.40390625 0.017671517671517672 0.02734375
8 0.2520790020790021 0.40625 0.01975051975051975 0.02578125
1 0.6023908523908524 0.492578125 0.009355509355509356 0.0265625
4 0.5405405405405406 0.495703125 0.017671517671517672 0.02578125
9 0.4698544698544699 0.49765625 0.017671517671517672 0.02578125
1 0.3981288981288981 0.501953125 0.011434511434511435 0.0265625
7 0.3316008316008316 0.504296875 0.01975051975051975 0.028125
0 0.2598752598752599 0.5078125 0.017671517671517672 0.02734375