3 0.5971933471933472 0.3828125 0.018711018711018712 0.03046875
6 0.5223492723492723 0.386328125 0.02286902286902287 0.03046875
1 0.4412681912681913 0.391796875 0.016632016632016633 0.03046875
8 0.3659043659043659 0.396484375 0.02286902286902287 0.03046875
3 0.2869022869022869 0.401953125 0.02079002079002079 0.03203125
8 0.20634095634095634 0.405859375 0.02286902286902287 0.03046875
5 0.6174636174636174 0.4953125 0.02286902286902287 0.02890625
3 0.5374220374220374 0.50078125 0.02079002079002079 0.03046875
0 0.45582120582120583 0.5046875 0.02286902286902287 0.03203125
2 0.3768191268191268 0.51015625 0.02286902286902287 0.03046875
7 0.2998960498960499 0.51484375 0.02286902286902287 0.03203125
0 0.22141372141372143 0.5203125 0.02286902286902287 0.03203125