1 0.5951143451143451 0.3453125 0.010395010395010396 0.02109375
0 0.5472972972972973 0.349609375 0.014553014553014554 0.02109375
9 0.49584199584199584 0.35390625 0.014553014553014554 0.02109375
8 0.4417879417879418 0.358203125 0.014553014553014554 0.02109375
3 0.3903326403326403 0.3625 0.014553014553014554 0.02109375
8 0.3393970893970894 0.366015625 0.014553014553014554 0.02109375
9 0.6127858627858628 0.42421875 0.014553014553014554 0.02109375
3 0.5576923076923077 0.428125 0.016632016632016633 0.02265625
4 0.5031185031185031 0.431640625 0.016632016632016633 0.02109375
3 0.4501039501039501 0.43515625 0.014553014553014554 0.02265625
7 0.4007276507276507 0.438671875 0.016632016632016633 0.02109375
0 0.3497920997920998 0.44296875 0.014553014553014554 0.02109375