0 0.7001039501039501 0.256640625 0.035343035343035345 0.0484375
8 0.5831600831600832 0.248828125 0.035343035343035345 0.04609375
6 0.34511434511434513 0.231640625 0.037422037422037424 0.04609375
9 0.46413721413721415 0.241796875 0.035343035343035345 0.04765625
3 0.2292099792099792 0.225 0.033264033264033266 0.046875
8 0.11226611226611227 0.2171875 0.035343035343035345 0.04609375
5 0.6658004158004158 0.421875 0.029106029106029108 0.0453125
7 0.44282744282744285 0.406640625 0.037422037422037424 0.04765625
2 0.5597713097713097 0.416015625 0.037422037422037424 0.04765625
6 0.21205821205821207 0.391015625 0.037422037422037424 0.04765625
9 0.3269230769230769 0.40078125 0.035343035343035345 0.04765625
0 0.09355509355509356 0.385546875 0.037422037422037424 0.04765625