5 0.5701663201663202 0.4234375 0.017671517671517672 0.0296875
5 0.4922037422037422 0.42578125 0.01975051975051975 0.0296875
9 0.4235966735966736 0.430859375 0.01975051975051975 0.02890625
7 0.3477130977130977 0.433203125 0.02079002079002079 0.0296875
3 0.27702702702702703 0.436328125 0.01975051975051975 0.0296875
8 0.20218295218295218 0.43984375 0.01975051975051975 0.028125
5 0.567047817047817 0.5265625 0.011434511434511435 0.0296875
4 0.5036382536382537 0.5296875 0.01975051975051975 0.02890625
9 0.4308731808731809 0.5328125 0.017671517671517672 0.02734375
1 0.3575883575883576 0.537890625 0.013513513513513514 0.028125
7 0.2869022869022869 0.541015625 0.01975051975051975 0.0296875
0 0.21413721413721415 0.5453125 0.01975051975051975 0.02734375