8 0.058731808731808735 0.257421875 0.034303534303534305 0.03984375
7 0.23856548856548856 0.255859375 0.030145530145530147 0.03984375
4 0.33004158004158 0.25546875 0.028066528066528068 0.0375
3 0.1502079002079002 0.2578125 0.032224532224532226 0.04140625
5 0.4204781704781705 0.255078125 0.02598752598752599 0.03671875
8 0.5213097713097713 0.254296875 0.017671517671517672 0.03125
5 0.33627858627858626 0.383984375 0.028066528066528068 0.03828125
6 0.42567567567567566 0.384375 0.02598752598752599 0.03671875
5 0.5171517671517671 0.383203125 0.02598752598752599 0.03671875
0 0.2448024948024948 0.38671875 0.02598752598752599 0.0359375
7 0.15644490644490644 0.387890625 0.028066528066528068 0.0375
0 0.06600831600831601 0.390625 0.030145530145530147 0.03828125