0 0.5566528066528067 0.47109375 0.015592515592515593 0.01953125
5 0.5103950103950103 0.469140625 0.014553014553014554 0.01953125
1 0.4589397089397089 0.46875 0.012474012474012475 0.0203125
6 0.4111226611226611 0.46796875 0.014553014553014554 0.01953125
3 0.3622661122661123 0.467578125 0.013513513513513514 0.01953125
8 0.3123700623700624 0.466796875 0.014553014553014554 0.01953125
5 0.5597713097713097 0.54140625 0.013513513513513514 0.01953125
1 0.5057172557172557 0.541015625 0.010395010395010396 0.01953125
1 0.45582120582120583 0.5390625 0.010395010395010396 0.01953125
8 0.4100831600831601 0.5390625 0.014553014553014554 0.01953125
6 0.3601871101871102 0.5375 0.014553014553014554 0.01953125
0 0.3097713097713098 0.537890625 0.014553014553014554 0.01953125