0 0.6949064449064449 0.258984375 0.036382536382536385 0.05
8 0.5644490644490644 0.251953125 0.037422037422037424 0.05078125
6 0.30145530145530147 0.23515625 0.037422037422037424 0.05234375
9 0.4313929313929314 0.2453125 0.038461538461538464 0.05234375
3 0.17671517671517672 0.230859375 0.036382536382536385 0.0515625
8 0.04521829521829522 0.223046875 0.036382536382536385 0.053125
8 0.656964656964657 0.440625 0.031185031185031187 0.0515625
5 0.5410602910602911 0.43515625 0.038461538461538464 0.05234375
8 0.41476091476091476 0.426953125 0.038461538461538464 0.05234375
6 0.15748440748440748 0.4125 0.04054054054054054 0.05390625
9 0.28274428274428276 0.421484375 0.0395010395010395 0.05078125
0 0.02754677754677755 0.40859375 0.038461538461538464 0.05234375