0 0.5893970893970893 0.387109375 0.012474012474012475 0.01953125
0 0.5431392931392931 0.390234375 0.014553014553014554 0.01953125
3 0.49532224532224534 0.39375 0.013513513513513514 0.01953125
5 0.44438669438669437 0.397265625 0.014553014553014554 0.01953125
3 0.3970893970893971 0.400390625 0.012474012474012475 0.01953125
8 0.34615384615384615 0.403125 0.014553014553014554 0.01953125
1 0.5992723492723493 0.4578125 0.010395010395010396 0.0203125
7 0.5504158004158004 0.461328125 0.014553014553014554 0.01953125
8 0.5031185031185031 0.463671875 0.012474012474012475 0.01875
6 0.45426195426195426 0.4671875 0.014553014553014554 0.01953125
6 0.40540540540540543 0.4703125 0.014553014553014554 0.01953125
0 0.35602910602910603 0.474609375 0.014553014553014554 0.01953125