8 0.32744282744282743 0.400390625 0.015592515592515593 0.02109375
3 0.37785862785862784 0.396484375 0.015592515592515593 0.02109375
8 0.4287941787941788 0.393359375 0.017671517671517672 0.02109375
8 0.5291060291060291 0.38515625 0.015592515592515593 0.02109375
5 0.5826403326403327 0.380859375 0.015592515592515593 0.02109375
7 0.4792099792099792 0.3890625 0.017671517671517672 0.021875
7 0.38825363825363823 0.46953125 0.015592515592515593 0.02265625
4 0.4885654885654886 0.4625 0.016632016632016633 0.02109375
3 0.4376299376299376 0.46640625 0.015592515592515593 0.02109375
0 0.3373180873180873 0.47421875 0.016632016632016633 0.02109375
5 0.5857588357588358 0.4546875 0.013513513513513514 0.02109375
1 0.5358627858627859 0.45859375 0.012474012474012475 0.02109375