6 0.5306652806652806 0.23984375 0.02702702702702703 0.03984375
4 0.42723492723492723 0.246875 0.030145530145530147 0.04375
9 0.32484407484407485 0.255078125 0.031185031185031187 0.0421875
6 0.2156964656964657 0.2609375 0.028066528066528068 0.04140625
3 0.10914760914760915 0.26875 0.030145530145530147 0.04375
8 0.009355509355509356 0.27578125 0.018711018711018712 0.0421875
5 0.5457380457380457 0.394921875 0.02390852390852391 0.04140625
2 0.4475051975051975 0.401953125 0.030145530145530147 0.04453125
3 0.3393970893970894 0.4078125 0.030145530145530147 0.04453125
9 0.2338877338877339 0.415625 0.030145530145530147 0.04296875
6 0.1294178794178794 0.421484375 0.032224532224532226 0.04296875
0 0.02027027027027027 0.43046875 0.030145530145530147 0.04296875