6 0.6564449064449065 0.284765625 0.04054054054054054 0.04921875
9 0.5337837837837838 0.2953125 0.034303534303534305 0.0484375
9 0.4111226611226611 0.303515625 0.034303534303534305 0.0484375
6 0.29002079002079 0.311328125 0.034303534303534305 0.0484375
3 0.16943866943866945 0.32109375 0.034303534303534305 0.0484375
8 0.0472972972972973 0.3296875 0.038461538461538464 0.04921875
7 0.6834719334719335 0.460546875 0.038461538461538464 0.05078125
0 0.4303534303534304 0.476953125 0.036382536382536385 0.05
0 0.553014553014553 0.470703125 0.038461538461538464 0.05078125
7 0.19126819126819128 0.494140625 0.0395010395010395 0.05078125
0 0.31392931392931395 0.487109375 0.038461538461538464 0.04921875
0 0.07172557172557173 0.5046875 0.036382536382536385 0.0484375