0 0.7208939708939709 0.324609375 0.029106029106029108 0.03828125
2 0.6247401247401247 0.316015625 0.02286902286902287 0.0375
3 0.5358627858627859 0.308984375 0.029106029106029108 0.03828125
7 0.44282744282744285 0.3015625 0.029106029106029108 0.03671875
3 0.3529106029106029 0.29453125 0.029106029106029108 0.03671875
8 0.2583160083160083 0.2875 0.029106029106029108 0.03671875
0 0.6949064449064449 0.457421875 0.02494802494802495 0.0359375
6 0.6091476091476091 0.45078125 0.031185031185031187 0.03828125
4 0.5181912681912682 0.44296875 0.029106029106029108 0.03828125
0 0.42515592515592515 0.435546875 0.032224532224532226 0.03984375
7 0.33316008316008316 0.428125 0.031185031185031187 0.03828125
0 0.24168399168399168 0.422265625 0.029106029106029108 0.03671875