4 0.5431392931392931 0.30625 0.02182952182952183 0.0328125
6 0.46465696465696466 0.31328125 0.02286902286902287 0.03125
8 0.38617463617463615 0.32109375 0.02286902286902287 0.03125
7 0.30145530145530147 0.328515625 0.02494802494802495 0.0328125
3 0.22193347193347193 0.335546875 0.02286902286902287 0.03125
8 0.13721413721413722 0.342578125 0.02390852390852391 0.0328125
7 0.5623700623700624 0.42265625 0.01975051975051975 0.0328125
0 0.48596673596673595 0.43046875 0.02702702702702703 0.0328125
5 0.40540540540540543 0.4375 0.02390852390852391 0.03359375
1 0.3212058212058212 0.446484375 0.018711018711018712 0.03203125
7 0.24168399168399168 0.453515625 0.02494802494802495 0.034375
0 0.15904365904365905 0.4625 0.02494802494802495 0.0328125