8 0.19126819126819128 0.3921875 0.02286902286902287 0.02890625
3 0.262993762993763 0.38828125 0.02494802494802495 0.03125
5 0.3310810810810811 0.38359375 0.02286902286902287 0.03046875
2 0.4017671517671518 0.38046875 0.02286902286902287 0.0296875
0 0.47453222453222454 0.376171875 0.02494802494802495 0.0296875
6 0.5509355509355509 0.371875 0.018711018711018712 0.02890625
0 0.20166320166320167 0.49609375 0.02494802494802495 0.03125
6 0.27286902286902287 0.490234375 0.02286902286902287 0.0296875
6 0.34355509355509356 0.487109375 0.02286902286902287 0.0296875
1 0.4111226611226611 0.483203125 0.016632016632016633 0.02890625
1 0.48232848232848236 0.480078125 0.018711018711018712 0.03046875
0 0.5498960498960499 0.475390625 0.016632016632016633 0.02890625