8 0.2603950103950104 0.3828125 0.017671517671517672 0.025
3 0.32796257796257794 0.38515625 0.015592515592515593 0.025
8 0.3924116424116424 0.38671875 0.017671517671517672 0.025
2 0.45686070686070684 0.388671875 0.015592515592515593 0.025
2 0.5233887733887734 0.391015625 0.015592515592515593 0.025
5 0.5836798336798337 0.391796875 0.011434511434511435 0.025
7 0.32484407484407485 0.4796875 0.017671517671517672 0.0265625
0 0.2583160083160083 0.47890625 0.017671517671517672 0.025
2 0.3872141372141372 0.48203125 0.015592515592515593 0.025
2 0.45374220374220375 0.4828125 0.017671517671517672 0.0265625
2 0.5213097713097713 0.484765625 0.015592515592515593 0.025
6 0.5888773388773388 0.486328125 0.017671517671517672 0.02421875