8 0.3404365904365904 0.3625 0.02702702702702703 0.0328125
3 0.4215176715176715 0.369921875 0.02390852390852391 0.0328125
7 0.498960498960499 0.378125 0.02598752598752599 0.034375
8 0.5795218295218295 0.385546875 0.028066528066528068 0.034375
6 0.6548856548856549 0.3921875 0.02598752598752599 0.0328125
4 0.7297297297297297 0.40078125 0.01975051975051975 0.034375
5 0.5587318087318087 0.4984375 0.02598752598752599 0.034375
7 0.4022869022869023 0.483984375 0.02702702702702703 0.034375
0 0.32276507276507277 0.47734375 0.02598752598752599 0.0328125
1 0.4760914760914761 0.4921875 0.01975051975051975 0.03203125
3 0.7177754677754677 0.51484375 0.02390852390852391 0.03125
3 0.6382536382536382 0.507421875 0.02182952182952183 0.0328125