5 0.6533264033264033 0.349609375 0.017671517671517672 0.040625
2 0.5566528066528067 0.3515625 0.02390852390852391 0.0390625
2 0.4579002079002079 0.354296875 0.02598752598752599 0.0390625
8 0.3575883575883576 0.356640625 0.02598752598752599 0.03828125
3 0.2588357588357588 0.359375 0.02598752598752599 0.03828125
8 0.15696465696465697 0.361328125 0.02598752598752599 0.0390625
4 0.659043659043659 0.497265625 0.017671517671517672 0.0390625
3 0.4656964656964657 0.500390625 0.02598752598752599 0.040625
0 0.5665280665280665 0.49921875 0.028066528066528068 0.040625
7 0.262993762993763 0.50390625 0.028066528066528068 0.03984375
2 0.3596673596673597 0.503515625 0.02598752598752599 0.040625
0 0.16216216216216217 0.507421875 0.02598752598752599 0.0390625