8 0.3191268191268191 0.378125 0.02286902286902287 0.03125
3 0.40124740124740127 0.378125 0.018711018711018712 0.03125
7 0.4792099792099792 0.37890625 0.02079002079002079 0.0328125
8 0.5602910602910602 0.37890625 0.02286902286902287 0.0328125
6 0.6361746361746362 0.37890625 0.02079002079002079 0.03125
4 0.7120582120582121 0.38046875 0.014553014553014554 0.0328125
5 0.5582120582120582 0.49296875 0.02079002079002079 0.0328125
7 0.4002079002079002 0.49296875 0.02286902286902287 0.0328125
0 0.3201663201663202 0.49375 0.02079002079002079 0.03125
1 0.47505197505197505 0.49453125 0.014553014553014554 0.03125
3 0.7182952182952183 0.49453125 0.018711018711018712 0.0296875
3 0.6382536382536382 0.49453125 0.018711018711018712 0.03125