5 0.5379417879417879 0.21015625 0.01975051975051975 0.02734375
4 0.47401247401247404 0.217578125 0.01975051975051975 0.0265625
2 0.40644490644490644 0.225390625 0.01975051975051975 0.02734375
7 0.3404365904365904 0.2328125 0.01975051975051975 0.0265625
3 0.27546777546777546 0.240234375 0.018711018711018712 0.02578125
8 0.20893970893970895 0.248046875 0.01975051975051975 0.02578125
4 0.5556133056133056 0.3078125 0.01975051975051975 0.02734375
5 0.49480249480249483 0.31484375 0.02079002079002079 0.0265625
0 0.4261954261954262 0.321875 0.01975051975051975 0.0265625
0 0.3601871101871102 0.3296875 0.02079002079002079 0.02734375
7 0.29521829521829523 0.337109375 0.02182952182952183 0.0265625
0 0.2286902286902287 0.3453125 0.01975051975051975 0.02578125