8 0.20218295218295218 0.3765625 0.01975051975051975 0.028125
3 0.2739085239085239 0.376171875 0.02182952182952183 0.03046875
5 0.3425155925155925 0.375 0.02079002079002079 0.0296875
2 0.4132016632016632 0.37578125 0.01975051975051975 0.02890625
0 0.48596673596673595 0.375390625 0.02286902286902287 0.02890625
6 0.5628898128898129 0.375 0.015592515592515593 0.028125
0 0.20270270270270271 0.48046875 0.02182952182952183 0.0296875
6 0.27442827442827444 0.478515625 0.01975051975051975 0.02890625
6 0.34511434511434513 0.47890625 0.01975051975051975 0.02890625
1 0.4126819126819127 0.47890625 0.014553014553014554 0.028125
1 0.48440748440748443 0.479296875 0.016632016632016633 0.0296875
0 0.5519750519750519 0.478125 0.013513513513513514 0.028125