5 0.5623700623700624 0.3640625 0.018711018711018712 0.02578125
8 0.6278586278586279 0.366796875 0.016632016632016633 0.02578125
4 0.4994802494802495 0.36171875 0.016632016632016633 0.0265625
3 0.36746361746361744 0.35703125 0.018711018711018712 0.02578125
8 0.29885654885654883 0.354296875 0.018711018711018712 0.02578125
7 0.4319126819126819 0.359765625 0.018711018711018712 0.02578125
9 0.6247401247401247 0.461328125 0.016632016632016633 0.02578125
4 0.5582120582120582 0.459375 0.018711018711018712 0.02578125
0 0.49376299376299376 0.456640625 0.017671517671517672 0.02578125
1 0.4261954261954262 0.455078125 0.012474012474012475 0.02578125
7 0.36382536382536385 0.453125 0.018711018711018712 0.02734375
0 0.29625779625779625 0.451953125 0.017671517671517672 0.02578125