0 0.51171875 0.4397089397089397 0.01796875 0.0446985446985447
6 0.26875 0.41683991683991684 0.01875 0.04365904365904366
9 0.389453125 0.4282744282744283 0.01796875 0.04261954261954262
7 0.329296875 0.4235966735966736 0.01953125 0.0446985446985447
2 0.45234375 0.43607068607068605 0.01953125 0.04677754677754678
0 0.20703125 0.41424116424116425 0.01796875 0.04261954261954262
5 0.455078125 0.2801455301455301 0.01796875 0.04365904365904366
5 0.334375 0.2687110187110187 0.01796875 0.04365904365904366
7 0.512890625 0.28534303534303534 0.01640625 0.04261954261954262
8 0.397265625 0.27598752598752596 0.01796875 0.04261954261954262
8 0.21328125 0.2588357588357588 0.01796875 0.0446985446985447
3 0.27578125 0.26455301455301455 0.01796875 0.0446985446985447