4 0.8404365904365905 0.35078125 0.02494802494802495 0.05078125
0 0.7208939708939709 0.3484375 0.035343035343035345 0.05234375
2 0.5940748440748441 0.345703125 0.036382536382536385 0.0515625
7 0.46205821205821207 0.34296875 0.037422037422037424 0.053125
3 0.33627858627858626 0.340234375 0.034303534303534305 0.05234375
8 0.20426195426195426 0.3375 0.04054054054054054 0.053125
4 0.8440748440748441 0.536328125 0.033264033264033266 0.05
4 0.7141372141372141 0.534375 0.035343035343035345 0.05234375
0 0.581081081081081 0.53046875 0.036382536382536385 0.0515625
0 0.45426195426195426 0.53046875 0.0395010395010395 0.05546875
7 0.3284823284823285 0.526953125 0.038461538461538464 0.053125
0 0.19750519750519752 0.52578125 0.037422037422037424 0.0515625