4 0.5987525987525988 0.31484375 0.018711018711018712 0.028125
3 0.5228690228690228 0.31640625 0.018711018711018712 0.0296875
7 0.448024948024948 0.3171875 0.018711018711018712 0.028125
4 0.3731808731808732 0.31796875 0.018711018711018712 0.0296875
3 0.2993762993762994 0.32109375 0.016632016632016633 0.0296875
4 0.22557172557172558 0.32109375 0.018711018711018712 0.0296875
4 0.5966735966735967 0.4234375 0.016632016632016633 0.028125
9 0.527027027027027 0.425 0.018711018711018712 0.028125
9 0.4521829521829522 0.425 0.018711018711018712 0.028125
9 0.3783783783783784 0.42734375 0.016632016632016633 0.028125
7 0.30457380457380456 0.42890625 0.018711018711018712 0.0296875
0 0.23076923076923078 0.43046875 0.016632016632016633 0.028125