8 0.251039501039501 0.34765625 0.030145530145530147 0.040625
0 0.5426195426195426 0.324609375 0.028066528066528068 0.040625
8 0.4475051975051975 0.33203125 0.028066528066528068 0.0390625
3 0.35343035343035345 0.339453125 0.02702702702702703 0.040625
4 0.6325363825363826 0.318359375 0.02598752598752599 0.0390625
8 0.7328482328482329 0.31015625 0.02182952182952183 0.03984375
2 0.735966735966736 0.446875 0.02182952182952183 0.0359375
7 0.6517671517671517 0.455859375 0.029106029106029108 0.0375
9 0.5608108108108109 0.462890625 0.02598752598752599 0.0390625
7 0.3731808731808732 0.480859375 0.031185031185031187 0.04140625
1 0.46621621621621623 0.4734375 0.02182952182952183 0.03984375
0 0.27598752598752596 0.491796875 0.030145530145530147 0.040625