4 0.5831600831600832 0.324609375 0.01975051975051975 0.02734375
0 0.5114345114345115 0.3265625 0.02079002079002079 0.028125
0 0.4397089397089397 0.328125 0.018711018711018712 0.028125
8 0.367983367983368 0.33046875 0.017671517671517672 0.02734375
3 0.29625779625779625 0.333203125 0.018711018711018712 0.02734375
8 0.224012474012474 0.334765625 0.01975051975051975 0.028125
8 0.5971933471933472 0.428515625 0.017671517671517672 0.028125
6 0.5181912681912682 0.430859375 0.017671517671517672 0.028125
9 0.44646569646569645 0.4328125 0.01975051975051975 0.02734375
1 0.3716216216216216 0.43515625 0.013513513513513514 0.0296875
7 0.301975051975052 0.437109375 0.02079002079002079 0.02890625
0 0.23024948024948025 0.440234375 0.01975051975051975 0.02734375