6 0.3217255717255717 0.370703125 0.017671517671517672 0.021875
8 0.21257796257796258 0.380859375 0.018711018711018712 0.02421875
5 0.43243243243243246 0.360546875 0.015592515592515593 0.021875
3 0.2681912681912682 0.3765625 0.017671517671517672 0.02265625
4 0.37785862785862784 0.36640625 0.017671517671517672 0.02265625
9 0.4890852390852391 0.35625 0.017671517671517672 0.02265625
6 0.28274428274428276 0.45390625 0.017671517671517672 0.02265625
7 0.49636174636174635 0.433984375 0.015592515592515593 0.02265625
3 0.44594594594594594 0.439453125 0.017671517671517672 0.02265625
8 0.33783783783783783 0.449609375 0.016632016632016633 0.02265625
2 0.3892931392931393 0.444921875 0.01975051975051975 0.0234375
0 0.22765072765072766 0.460546875 0.018711018711018712 0.02265625