0 0.50546875 0.43814968814968813 0.01796875 0.0446985446985447
6 0.262109375 0.4604989604989605 0.01875 0.04365904365904366
9 0.383203125 0.4495841995841996 0.01796875 0.04261954261954262
7 0.323046875 0.45582120582120583 0.01953125 0.0446985446985447
2 0.446484375 0.44542619542619544 0.01796875 0.04677754677754678
0 0.20078125 0.4693347193347193 0.01796875 0.04261954261954262
5 0.4328125 0.2905405405405405 0.01796875 0.04365904365904366
5 0.31171875 0.301975051975052 0.01796875 0.04365904365904366
7 0.490234375 0.28534303534303534 0.01640625 0.04261954261954262
8 0.375 0.29677754677754675 0.01796875 0.04261954261954262
8 0.191015625 0.31392931392931395 0.01796875 0.0446985446985447
3 0.253515625 0.3082120582120582 0.01796875 0.0446985446985447