0 0.6533264033264033 0.237890625 0.031185031185031187 0.04765625
8 0.5358627858627859 0.242578125 0.032224532224532226 0.04453125
6 0.29677754677754675 0.250390625 0.033264033264033266 0.0453125
9 0.41632016632016633 0.248046875 0.031185031185031187 0.04609375
3 0.18087318087318088 0.255859375 0.029106029106029108 0.04609375
8 0.06340956340956341 0.260546875 0.031185031185031187 0.04453125
5 0.6496881496881497 0.40546875 0.02494802494802495 0.04453125
7 0.4261954261954262 0.413671875 0.035343035343035345 0.046875
2 0.5436590436590436 0.410546875 0.033264033264033266 0.04609375
6 0.1949064449064449 0.421875 0.033264033264033266 0.04609375
9 0.3102910602910603 0.419921875 0.031185031185031187 0.04609375
0 0.07640332640332641 0.42890625 0.033264033264033266 0.04609375