8 0.32484407484407485 0.402734375 0.015592515592515593 0.02109375
3 0.37525987525987525 0.398046875 0.015592515592515593 0.02109375
8 0.4261954261954262 0.394140625 0.017671517671517672 0.02109375
8 0.525987525987526 0.384765625 0.016632016632016633 0.021875
5 0.58004158004158 0.380078125 0.015592515592515593 0.02109375
7 0.4766112266112266 0.389453125 0.017671517671517672 0.021875
7 0.3872141372141372 0.47109375 0.016632016632016633 0.02265625
4 0.4875259875259875 0.4625 0.017671517671517672 0.02109375
3 0.4371101871101871 0.4671875 0.015592515592515593 0.02109375
0 0.3367983367983368 0.4765625 0.017671517671517672 0.02109375
5 0.5847193347193347 0.453515625 0.013513513513513514 0.02109375
1 0.5348232848232848 0.458203125 0.013513513513513514 0.02109375