8 0.6886694386694386 0.21796875 0.032224532224532226 0.04765625
5 0.5644490644490644 0.221875 0.032224532224532226 0.0484375
4 0.44282744282744285 0.2265625 0.031185031185031187 0.046875
7 0.32224532224532226 0.23203125 0.030145530145530147 0.046875
3 0.20166320166320167 0.23671875 0.030145530145530147 0.0453125
8 0.08212058212058213 0.2421875 0.033264033264033266 0.04609375
1 0.6949064449064449 0.392578125 0.02079002079002079 0.046875
1 0.5764033264033264 0.397265625 0.02390852390852391 0.046875
7 0.4584199584199584 0.401171875 0.032224532224532226 0.0484375
0 0.33471933471933474 0.406640625 0.032224532224532226 0.04765625
7 0.2182952182952183 0.411328125 0.035343035343035345 0.04921875
0 0.09875259875259876 0.418359375 0.032224532224532226 0.04609375