5 0.5176715176715176 0.431640625 0.02598752598752599 0.03515625
8 0.6023908523908524 0.42734375 0.02182952182952183 0.03515625
5 0.4261954261954262 0.437109375 0.02494802494802495 0.03671875
8 0.33627858627858626 0.441796875 0.02598752598752599 0.03515625
3 0.24688149688149688 0.447265625 0.02598752598752599 0.03515625
5 0.158004158004158 0.453515625 0.02702702702702703 0.03828125
7 0.25935550935550933 0.576953125 0.02598752598752599 0.03671875
9 0.4365904365904366 0.567578125 0.02598752598752599 0.0359375
9 0.6200623700623701 0.55859375 0.02702702702702703 0.03671875
9 0.5291060291060291 0.5640625 0.02702702702702703 0.03671875
2 0.3471933471933472 0.573828125 0.02598752598752599 0.03828125
0 0.17203742203742203 0.5828125 0.02598752598752599 0.0359375