6 0.6715176715176715 0.29140625 0.035343035343035345 0.04765625
9 0.5478170478170478 0.296875 0.032224532224532226 0.04765625
9 0.42515592515592515 0.300390625 0.032224532224532226 0.04765625
6 0.30353430353430355 0.303515625 0.033264033264033266 0.04765625
3 0.18191268191268192 0.308203125 0.032224532224532226 0.04765625
8 0.059771309771309775 0.312109375 0.033264033264033266 0.04765625
7 0.6855509355509356 0.467578125 0.034303534303534305 0.05
0 0.43243243243243246 0.47421875 0.033264033264033266 0.04921875
0 0.5550935550935551 0.47265625 0.035343035343035345 0.04921875
7 0.19230769230769232 0.482421875 0.035343035343035345 0.05
0 0.31496881496881496 0.4796875 0.036382536382536385 0.0484375
0 0.07172557172557173 0.487890625 0.035343035343035345 0.04765625