8 0.06444906444906445 0.2515625 0.033264033264033266 0.0390625
7 0.2442827442827443 0.25234375 0.029106029106029108 0.0390625
4 0.33575883575883575 0.253125 0.02702702702702703 0.0375
3 0.15592515592515593 0.253125 0.031185031185031187 0.040625
5 0.4261954261954262 0.25390625 0.02702702702702703 0.0359375
8 0.527027027027027 0.2546875 0.018711018711018712 0.03125
5 0.3388773388773389 0.38203125 0.02494802494802495 0.0375
6 0.4282744282744283 0.38359375 0.02494802494802495 0.0359375
5 0.5197505197505198 0.38359375 0.02494802494802495 0.0359375
0 0.24740124740124741 0.38359375 0.02494802494802495 0.0359375
7 0.15904365904365905 0.38359375 0.02702702702702703 0.0375
0 0.06860706860706861 0.38515625 0.029106029106029108 0.0375