5 0.5977130977130977 0.4109375 0.016632016632016633 0.0265625
2 0.5280665280665281 0.41171875 0.017671517671517672 0.02890625
5 0.4604989604989605 0.411328125 0.018711018711018712 0.02890625
8 0.3918918918918919 0.411328125 0.01975051975051975 0.02890625
3 0.32432432432432434 0.4109375 0.017671517671517672 0.02890625
8 0.25467775467775466 0.410546875 0.01975051975051975 0.028125
5 0.5275467775467776 0.5109375 0.017671517671517672 0.0296875
7 0.45997920997921 0.509765625 0.01975051975051975 0.028125
2 0.3903326403326403 0.511328125 0.017671517671517672 0.02890625
7 0.3217255717255717 0.51015625 0.02079002079002079 0.0296875
0 0.2531185031185031 0.5109375 0.018711018711018712 0.02734375