4 0.6169438669438669 0.2609375 0.02494802494802495 0.034375
7 0.5311850311850311 0.2734375 0.029106029106029108 0.03671875
9 0.448024948024948 0.284375 0.02702702702702703 0.0359375
8 0.3622661122661123 0.29609375 0.02702702702702703 0.034375
3 0.27806652806652804 0.30703125 0.02702702702702703 0.0359375
8 0.19230769230769232 0.31953125 0.028066528066528068 0.03359375
3 0.6595634095634095 0.38828125 0.02079002079002079 0.03515625
8 0.5602910602910602 0.400390625 0.02702702702702703 0.034375
4 0.47505197505197505 0.41015625 0.028066528066528068 0.03515625
3 0.3887733887733888 0.421875 0.02494802494802495 0.0359375
7 0.30457380457380456 0.43125 0.02702702702702703 0.03515625
0 0.22453222453222454 0.4421875 0.028066528066528068 0.03515625