5 0.6429313929313929 0.34375 0.01975051975051975 0.04140625
2 0.5462577962577962 0.349609375 0.02702702702702703 0.03984375
2 0.448024948024948 0.35625 0.028066528066528068 0.03984375
8 0.3477130977130977 0.362109375 0.028066528066528068 0.0390625
3 0.24896049896049896 0.369140625 0.028066528066528068 0.0390625
8 0.14760914760914762 0.375 0.029106029106029108 0.040625
4 0.6585239085239085 0.491015625 0.02079002079002079 0.03984375
3 0.4656964656964657 0.5015625 0.029106029106029108 0.04140625
0 0.5665280665280665 0.496484375 0.030145530145530147 0.04140625
7 0.2635135135135135 0.51328125 0.030145530145530147 0.040625
2 0.3601871101871102 0.508984375 0.029106029106029108 0.0421875
0 0.1632016632016632 0.520703125 0.029106029106029108 0.040625