6 0.6808731808731808 0.29609375 0.035343035343035345 0.046875
9 0.5571725571725572 0.2984375 0.031185031185031187 0.046875
9 0.43451143451143454 0.2984375 0.029106029106029108 0.046875
6 0.3128898128898129 0.2984375 0.031185031185031187 0.046875
3 0.19126819126819128 0.3 0.029106029106029108 0.046875
8 0.06860706860706861 0.30078125 0.031185031185031187 0.046875
7 0.6871101871101871 0.47265625 0.031185031185031187 0.0484375
0 0.43347193347193347 0.47265625 0.031185031185031187 0.0484375
0 0.5561330561330561 0.47421875 0.035343035343035345 0.0484375
7 0.19334719334719336 0.47421875 0.033264033264033266 0.0484375
0 0.316008316008316 0.475 0.033264033264033266 0.046875
0 0.07276507276507277 0.4765625 0.031185031185031187 0.046875