4 0.5857588357588358 0.426171875 0.015592515592515593 0.0265625
7 0.5213097713097713 0.426953125 0.01975051975051975 0.0265625
9 0.45374220374220375 0.428515625 0.017671517671517672 0.0265625
8 0.38305613305613306 0.4296875 0.017671517671517672 0.02578125
3 0.31652806652806653 0.43046875 0.017671517671517672 0.0265625
8 0.24584199584199584 0.43203125 0.01975051975051975 0.0265625
1 0.45374220374220375 0.525 0.011434511434511435 0.025
1 0.591995841995842 0.523046875 0.011434511434511435 0.025
7 0.3217255717255717 0.52734375 0.018711018711018712 0.0265625
1 0.5213097713097713 0.524609375 0.011434511434511435 0.025
4 0.3892931392931393 0.5265625 0.016632016632016633 0.02578125
0 0.25415800415800416 0.52890625 0.01975051975051975 0.0265625