8 0.7032224532224532 0.253515625 0.028066528066528068 0.0453125
5 0.5732848232848233 0.25234375 0.030145530145530147 0.046875
4 0.4527027027027027 0.25234375 0.030145530145530147 0.046875
7 0.3321205821205821 0.25234375 0.030145530145530147 0.04453125
3 0.21153846153846154 0.253125 0.030145530145530147 0.0453125
8 0.09095634095634096 0.253125 0.034303534303534305 0.04609375
9 0.7053014553014553 0.424609375 0.02390852390852391 0.04453125
5 0.4579002079002079 0.424609375 0.029106029106029108 0.0453125
2 0.5722453222453222 0.42578125 0.029106029106029108 0.04609375
0 0.33627858627858626 0.426953125 0.030145530145530147 0.0453125
7 0.21673596673596673 0.4265625 0.032224532224532226 0.04765625
0 0.09823284823284824 0.430078125 0.032224532224532226 0.04609375