0 0.6663201663201663 0.246875 0.031185031185031187 0.0484375
8 0.5353430353430353 0.2484375 0.033264033264033266 0.0484375
6 0.2713097713097713 0.24921875 0.031185031185031187 0.05
9 0.4022869022869023 0.25078125 0.031185031185031187 0.05
3 0.14656964656964658 0.253125 0.031185031185031187 0.05
8 0.015072765072765074 0.254296875 0.030145530145530147 0.05078125
8 0.6496881496881497 0.43046875 0.02702702702702703 0.05
5 0.5332640332640333 0.4328125 0.031185031185031187 0.05
8 0.40644490644490644 0.4328125 0.031185031185031187 0.05
6 0.14864864864864866 0.43515625 0.035343035343035345 0.0515625
9 0.27442827442827444 0.4359375 0.033264033264033266 0.0484375
0 0.018711018711018712 0.43984375 0.033264033264033266 0.05