5 0.682952182952183 0.36953125 0.02390852390852391 0.04140625
2 0.5867983367983368 0.36015625 0.030145530145530147 0.04140625
2 0.4890852390852391 0.3515625 0.031185031185031187 0.04140625
8 0.3887733887733888 0.341796875 0.031185031185031187 0.03984375
3 0.2910602910602911 0.3328125 0.031185031185031187 0.03984375
8 0.1897089397089397 0.323046875 0.032224532224532226 0.04140625
4 0.6574844074844075 0.516015625 0.02390852390852391 0.040625
3 0.46621621621621623 0.496484375 0.032224532224532226 0.04296875
0 0.566008316008316 0.50703125 0.034303534303534305 0.04296875
7 0.26507276507276506 0.476171875 0.034303534303534305 0.04140625
2 0.3607068607068607 0.487109375 0.032224532224532226 0.04296875
0 0.16476091476091476 0.46796875 0.032224532224532226 0.04140625