0 0.6143451143451143 0.40078125 0.012474012474012475 0.01953125
0 0.5675675675675675 0.39765625 0.014553014553014554 0.01953125
3 0.5197505197505198 0.394921875 0.014553014553014554 0.01953125
5 0.4693347193347193 0.39140625 0.014553014553014554 0.01953125
3 0.4215176715176715 0.388671875 0.013513513513513514 0.01953125
8 0.3711018711018711 0.384765625 0.014553014553014554 0.01953125
1 0.6075883575883576 0.471484375 0.011434511434511435 0.0203125
7 0.5587318087318087 0.46875 0.014553014553014554 0.01953125
8 0.5114345114345115 0.46484375 0.013513513513513514 0.01953125
6 0.4625779625779626 0.46171875 0.014553014553014554 0.01953125
6 0.41372141372141374 0.45859375 0.014553014553014554 0.01953125
0 0.36382536382536385 0.45625 0.014553014553014554 0.01953125