8 0.7312889812889813 0.267578125 0.033264033264033266 0.046875
5 0.6018711018711018 0.258203125 0.035343035343035345 0.0484375
4 0.4818087318087318 0.250390625 0.036382536382536385 0.0484375
7 0.3612266112266112 0.242578125 0.035343035343035345 0.04609375
3 0.24116424116424118 0.23515625 0.035343035343035345 0.04765625
8 0.12110187110187111 0.22734375 0.038461538461538464 0.04765625
9 0.7136174636174636 0.43828125 0.029106029106029108 0.04609375
5 0.46725571725571724 0.421875 0.033264033264033266 0.046875
2 0.5805613305613305 0.430859375 0.033264033264033266 0.046875
0 0.34563409563409564 0.41640625 0.035343035343035345 0.04765625
7 0.22661122661122662 0.40859375 0.037422037422037424 0.04921875
0 0.10810810810810811 0.40390625 0.037422037422037424 0.04765625