5 0.5223492723492723 0.432421875 0.02390852390852391 0.034375
8 0.6075883575883576 0.43125 0.01975051975051975 0.034375
5 0.4308731808731809 0.434375 0.02182952182952183 0.0359375
8 0.3404365904365904 0.435546875 0.02390852390852391 0.034375
3 0.251039501039501 0.4375 0.02390852390852391 0.034375
5 0.16164241164241164 0.440234375 0.02390852390852391 0.0375
7 0.25415800415800416 0.5671875 0.02390852390852391 0.0359375
9 0.4319126819126819 0.56484375 0.02390852390852391 0.03515625
9 0.6159043659043659 0.56328125 0.02390852390852391 0.0359375
9 0.5244282744282744 0.565234375 0.02390852390852391 0.0359375
2 0.3425155925155925 0.567578125 0.02390852390852391 0.0375
0 0.16683991683991684 0.569921875 0.02390852390852391 0.03515625