2 0.47557172557172556 0.398828125 0.013513513513513514 0.01875
8 0.433991683991684 0.398046875 0.013513513513513514 0.01796875
2 0.3872141372141372 0.39765625 0.013513513513513514 0.01953125
5 0.3425155925155925 0.396875 0.011434511434511435 0.01875
3 0.29885654885654883 0.396875 0.013513513513513514 0.01875
8 0.2531185031185031 0.395703125 0.011434511434511435 0.01796875
1 0.47765072765072764 0.46328125 0.009355509355509356 0.01875
7 0.43295218295218296 0.463671875 0.013513513513513514 0.01796875
8 0.38825363825363823 0.462109375 0.012474012474012475 0.01796875
6 0.3425155925155925 0.46171875 0.013513513513513514 0.01796875
6 0.2978170478170478 0.4609375 0.013513513513513514 0.01875
0 0.2520790020790021 0.461328125 0.013513513513513514 0.01796875