8 0.27754677754677753 0.32578125 0.02598752598752599 0.0390625
0 0.5706860706860707 0.3296875 0.02390852390852391 0.0390625
8 0.47505197505197505 0.328515625 0.02390852390852391 0.03828125
3 0.3804573804573805 0.32734375 0.02182952182952183 0.0390625
4 0.6611226611226612 0.331640625 0.02182952182952183 0.03828125
8 0.761954261954262 0.333203125 0.017671517671517672 0.0390625
2 0.7427234927234927 0.46875 0.017671517671517672 0.03515625
7 0.6574844074844075 0.469921875 0.02390852390852391 0.0359375
9 0.566008316008316 0.46875 0.02182952182952183 0.0375
7 0.3768191268191268 0.46953125 0.02598752598752599 0.03984375
1 0.4703742203742204 0.470703125 0.017671517671517672 0.0390625
0 0.2791060291060291 0.471484375 0.02598752598752599 0.0390625