5 0.29573804573804574 0.371875 0.018711018711018712 0.025
1 0.4183991683991684 0.383203125 0.014553014553014554 0.02421875
0 0.4760914760914761 0.389453125 0.016632016632016633 0.02421875
4 0.3586278586278586 0.378515625 0.018711018711018712 0.025
8 0.1741164241164241 0.361328125 0.02079002079002079 0.025
3 0.23596673596673598 0.3671875 0.018711018711018712 0.02578125
8 0.34511434511434513 0.466015625 0.018711018711018712 0.02421875
6 0.22245322245322247 0.4546875 0.018711018711018712 0.025
6 0.28326403326403327 0.460546875 0.01975051975051975 0.025
1 0.4656964656964657 0.478125 0.014553014553014554 0.02578125
7 0.40592515592515593 0.47265625 0.018711018711018712 0.02578125
0 0.1606029106029106 0.45 0.018711018711018712 0.025