4 0.6351351351351351 0.30234375 0.018711018711018712 0.0296875
6 0.5561330561330561 0.303125 0.018711018711018712 0.03125
8 0.4781704781704782 0.30390625 0.02079002079002079 0.0296875
7 0.39501039501039503 0.3046875 0.02079002079002079 0.03125
3 0.31496881496881496 0.30546875 0.018711018711018712 0.0296875
8 0.2338877338877339 0.30625 0.018711018711018712 0.0296875
9 0.6465696465696466 0.4203125 0.02079002079002079 0.03125
5 0.5613305613305614 0.42109375 0.02079002079002079 0.03125
3 0.4781704781704782 0.42109375 0.02079002079002079 0.03125
7 0.31704781704781704 0.421875 0.02286902286902287 0.03125
1 0.39397089397089397 0.42265625 0.014553014553014554 0.03125
0 0.23596673596673598 0.42421875 0.018711018711018712 0.0296875