5 0.6470893970893971 0.39609375 0.02079002079002079 0.03515625
4 0.5426195426195426 0.394140625 0.02702702702702703 0.03828125
8 0.35343035343035345 0.38984375 0.02702702702702703 0.03828125
1 0.448024948024948 0.3921875 0.018711018711018712 0.03828125
3 0.2588357588357588 0.3875 0.02494802494802495 0.0375
8 0.16216216216216217 0.385546875 0.02702702702702703 0.03671875
5 0.6356548856548857 0.530859375 0.02390852390852391 0.03671875
3 0.5389812889812889 0.530078125 0.02286902286902287 0.03671875
0 0.44542619542619544 0.528125 0.02494802494802495 0.03515625
2 0.34875259875259873 0.52734375 0.02390852390852391 0.0375
7 0.25623700623700624 0.52578125 0.02598752598752599 0.03828125
0 0.15748440748440748 0.525390625 0.028066528066528068 0.03828125