3 0.4677754677754678 0.315234375 0.032224532224532226 0.05390625
3 0.7422037422037422 0.31875 0.034303534303534305 0.053125
7 0.603950103950104 0.316796875 0.036382536382536385 0.05390625
8 0.060291060291060294 0.310546875 0.0395010395010395 0.05234375
7 0.33264033264033266 0.3140625 0.038461538461538464 0.05390625
3 0.19750519750519752 0.3125 0.034303534303534305 0.05546875
7 0.7344074844074844 0.51328125 0.036382536382536385 0.05234375
4 0.46673596673596673 0.510546875 0.036382536382536385 0.05390625
0 0.32744282744282743 0.50859375 0.038461538461538464 0.05390625
7 0.19646569646569648 0.5078125 0.038461538461538464 0.05546875
9 0.5982328482328483 0.512890625 0.034303534303534305 0.05390625
0 0.057172557172557176 0.507421875 0.037422037422037424 0.0546875