3 0.433991683991684 0.3203125 0.04158004158004158 0.05625
3 0.7063409563409564 0.294921875 0.04158004158004158 0.05546875
7 0.5691268191268192 0.3078125 0.04365904365904366 0.05625
8 0.029625779625779627 0.358203125 0.04573804573804574 0.0546875
7 0.2998960498960499 0.333203125 0.04573804573804574 0.05625
3 0.1658004158004158 0.345703125 0.04261954261954262 0.0578125
7 0.7349272349272349 0.48828125 0.04158004158004158 0.0546875
4 0.4688149688149688 0.513671875 0.04365904365904366 0.05546875
0 0.3305613305613306 0.5265625 0.04573804573804574 0.05625
7 0.20062370062370063 0.539453125 0.0446985446985447 0.0578125
9 0.5997920997920998 0.50234375 0.04261954261954262 0.05546875
0 0.062370062370062374 0.553515625 0.0446985446985447 0.05703125