3 0.6226611226611226 0.397265625 0.02079002079002079 0.03125
6 0.5483367983367984 0.391015625 0.02494802494802495 0.03125
1 0.46725571725571724 0.3859375 0.01975051975051975 0.03125
8 0.3918918918918919 0.380859375 0.02598752598752599 0.03125
3 0.3128898128898129 0.37578125 0.02390852390852391 0.0328125
8 0.23232848232848233 0.369140625 0.02598752598752599 0.03125
5 0.6164241164241164 0.5109375 0.02494802494802495 0.0296875
3 0.5369022869022869 0.505859375 0.02390852390852391 0.03125
0 0.4553014553014553 0.49921875 0.02598752598752599 0.0328125
2 0.3762993762993763 0.494140625 0.02494802494802495 0.03125
7 0.2998960498960499 0.488671875 0.02598752598752599 0.0328125
0 0.2208939708939709 0.48359375 0.02598752598752599 0.0328125