5 0.2869022869022869 0.380078125 0.016632016632016633 0.02421875
1 0.4106029106029106 0.386328125 0.012474012474012475 0.02421875
0 0.4682952182952183 0.390234375 0.014553014553014554 0.02421875
4 0.3503118503118503 0.383984375 0.017671517671517672 0.02421875
8 0.16476091476091476 0.37421875 0.018711018711018712 0.02421875
3 0.22713097713097713 0.377734375 0.016632016632016633 0.02578125
8 0.34303534303534305 0.472265625 0.016632016632016633 0.02421875
6 0.21985446985446985 0.465625 0.016632016632016633 0.02421875
6 0.2811850311850312 0.469140625 0.018711018711018712 0.02421875
1 0.46465696465696466 0.479296875 0.012474012474012475 0.025
7 0.40436590436590436 0.476171875 0.017671517671517672 0.02578125
0 0.15748440748440748 0.46328125 0.016632016632016633 0.02421875