4 0.5971933471933472 0.434765625 0.017671517671517672 0.02734375
7 0.5327442827442828 0.4296875 0.02182952182952183 0.028125
9 0.4656964656964657 0.425 0.02079002079002079 0.028125
8 0.39501039501039503 0.41953125 0.02079002079002079 0.0265625
3 0.329002079002079 0.414453125 0.02079002079002079 0.028125
8 0.2588357588357588 0.409375 0.02286902286902287 0.02734375
1 0.4501039501039501 0.5203125 0.013513513513513514 0.02578125
1 0.5878378378378378 0.53125 0.014553014553014554 0.02578125
7 0.3186070686070686 0.5109375 0.02182952182952183 0.028125
1 0.5171517671517671 0.5265625 0.014553014553014554 0.02578125
4 0.38565488565488565 0.516015625 0.01975051975051975 0.0265625
0 0.2515592515592516 0.50625 0.02182952182952183 0.02734375