6 0.5878378378378378 0.408984375 0.02286902286902287 0.0296875
3 0.512993762993763 0.40546875 0.02286902286902287 0.0296875
1 0.4376299376299376 0.4015625 0.016632016632016633 0.03046875
8 0.36382536382536385 0.398046875 0.02286902286902287 0.0296875
3 0.28586278586278585 0.39453125 0.02494802494802495 0.03125
8 0.2079002079002079 0.39140625 0.02286902286902287 0.03046875
5 0.5821205821205822 0.516796875 0.02079002079002079 0.0296875
3 0.5051975051975052 0.514453125 0.02079002079002079 0.03125
0 0.4308731808731809 0.51015625 0.02286902286902287 0.0296875
2 0.35446985446985446 0.508203125 0.02286902286902287 0.03046875
7 0.2785862785862786 0.5046875 0.02494802494802495 0.03125
0 0.20166320166320167 0.503125 0.02390852390852391 0.0296875