4 0.5945945945945946 0.313671875 0.01975051975051975 0.028125
3 0.5187110187110187 0.316015625 0.018711018711018712 0.0296875
7 0.44386694386694386 0.31796875 0.01975051975051975 0.02890625
4 0.369022869022869 0.31953125 0.01975051975051975 0.0296875
3 0.29521829521829523 0.323828125 0.017671517671517672 0.0296875
4 0.22141372141372143 0.324609375 0.01975051975051975 0.0296875
4 0.5951143451143451 0.422265625 0.016632016632016633 0.02890625
9 0.5254677754677755 0.424609375 0.01975051975051975 0.028125
9 0.4506237006237006 0.42578125 0.01975051975051975 0.028125
9 0.3768191268191268 0.42890625 0.017671517671517672 0.028125
7 0.303014553014553 0.431640625 0.01975051975051975 0.0296875
0 0.2292099792099792 0.433984375 0.017671517671517672 0.028125