8 0.5618503118503119 0.337890625 0.02390852390852391 0.03125
3 0.4885654885654886 0.348046875 0.028066528066528068 0.03203125
1 0.41164241164241167 0.359375 0.02286902286902287 0.0328125
8 0.33627858627858626 0.37109375 0.02702702702702703 0.034375
3 0.2583160083160083 0.381640625 0.02702702702702703 0.034375
8 0.18191268191268192 0.39296875 0.028066528066528068 0.0328125
5 0.5945945945945946 0.445703125 0.029106029106029108 0.0359375
3 0.5171517671517671 0.4578125 0.028066528066528068 0.03203125
0 0.44282744282744285 0.46875 0.02598752598752599 0.03203125
2 0.36538461538461536 0.480859375 0.02702702702702703 0.0328125
7 0.29002079002079 0.49296875 0.031185031185031187 0.03515625
0 0.21361746361746362 0.505859375 0.029106029106029108 0.03359375