1 0.6055093555093555 0.34921875 0.008316008316008316 0.0203125
0 0.5576923076923077 0.3515625 0.013513513513513514 0.0203125
9 0.5057172557172557 0.35390625 0.013513513513513514 0.0203125
8 0.4521829521829522 0.35625 0.013513513513513514 0.0203125
3 0.4002079002079002 0.358203125 0.012474012474012475 0.0203125
8 0.3492723492723493 0.359765625 0.013513513513513514 0.0203125
9 0.617983367983368 0.42890625 0.013513513513513514 0.0203125
3 0.5628898128898129 0.43046875 0.014553014553014554 0.021875
4 0.5077962577962578 0.43203125 0.014553014553014554 0.0203125
3 0.45478170478170477 0.433203125 0.012474012474012475 0.021875
7 0.40488565488565487 0.434765625 0.014553014553014554 0.0203125
0 0.35395010395010396 0.437109375 0.013513513513513514 0.0203125