8 0.30561330561330563 0.390234375 0.02598752598752599 0.0328125
3 0.3877338877338877 0.38515625 0.02390852390852391 0.0328125
7 0.46517671517671516 0.38046875 0.02494802494802495 0.03359375
8 0.5462577962577962 0.375390625 0.02598752598752599 0.03359375
6 0.6216216216216216 0.3703125 0.02390852390852391 0.0328125
4 0.6975051975051975 0.366796875 0.018711018711018712 0.03359375
5 0.5571725571725572 0.4890625 0.02494802494802495 0.034375
7 0.3996881496881497 0.499609375 0.02494802494802495 0.034375
0 0.3201663201663202 0.50546875 0.02390852390852391 0.0328125
1 0.47453222453222454 0.49609375 0.017671517671517672 0.03203125
3 0.7167359667359667 0.480078125 0.02182952182952183 0.03125
3 0.6372141372141372 0.485546875 0.02182952182952183 0.03203125