4 0.5696465696465697 0.3109375 0.016632016632016633 0.03125
6 0.49064449064449067 0.31171875 0.018711018711018712 0.0296875
8 0.41164241164241167 0.31328125 0.018711018711018712 0.0296875
7 0.3264033264033264 0.3140625 0.02079002079002079 0.03125
3 0.24636174636174638 0.31484375 0.018711018711018712 0.0296875
8 0.16112266112266113 0.31484375 0.018711018711018712 0.03125
7 0.5727650727650727 0.428125 0.014553014553014554 0.03125
0 0.49584199584199584 0.4296875 0.02079002079002079 0.03125
5 0.41476091476091476 0.43046875 0.02079002079002079 0.0328125
1 0.3295218295218295 0.4328125 0.014553014553014554 0.03125
7 0.2494802494802495 0.43359375 0.02079002079002079 0.0328125
0 0.16632016632016633 0.4359375 0.02079002079002079 0.03125