8 0.6262993762993763 0.40625 0.018711018711018712 0.0265625
6 0.553014553014553 0.400390625 0.02079002079002079 0.028125
8 0.48596673596673595 0.394921875 0.02079002079002079 0.028125
7 0.41424116424116425 0.3890625 0.02182952182952183 0.028125
3 0.34511434511434513 0.384375 0.02079002079002079 0.028125
8 0.27494802494802495 0.378515625 0.02286902286902287 0.0265625
1 0.6029106029106029 0.5046875 0.012474012474012475 0.02734375
4 0.5405405405405406 0.50078125 0.02079002079002079 0.0265625
9 0.4703742203742204 0.494140625 0.02079002079002079 0.0265625
1 0.3991683991683992 0.48984375 0.014553014553014554 0.02734375
7 0.33264033264033266 0.484765625 0.02286902286902287 0.0296875
0 0.2614345114345114 0.4796875 0.02182952182952183 0.028125