5 0.6418918918918919 0.244140625 0.02390852390852391 0.0421875
6 0.30717255717255715 0.2484375 0.030145530145530147 0.0421875
9 0.41735966735966734 0.248046875 0.032224532224532226 0.04453125
4 0.5213097713097713 0.246484375 0.028066528066528068 0.0421875
3 0.2001039501039501 0.2515625 0.028066528066528068 0.04296875
8 0.09407484407484408 0.253125 0.030145530145530147 0.0421875
6 0.20582120582120583 0.4046875 0.029106029106029108 0.0421875
5 0.6278586278586279 0.4 0.02182952182952183 0.040625
3 0.41995841995842 0.402734375 0.02598752598752599 0.0421875
2 0.527027027027027 0.401953125 0.02390852390852391 0.0421875
9 0.3128898128898129 0.4046875 0.028066528066528068 0.0421875
0 0.09771309771309772 0.408984375 0.030145530145530147 0.0421875