2 0.48336798336798337 0.39296875 0.011434511434511435 0.01640625
7 0.4417879417879418 0.391015625 0.012474012474012475 0.01640625
2 0.4022869022869023 0.388671875 0.012474012474012475 0.01640625
5 0.36174636174636177 0.3859375 0.012474012474012475 0.01640625
3 0.3206860706860707 0.383984375 0.010395010395010396 0.01640625
8 0.27806652806652804 0.38203125 0.012474012474012475 0.01640625
7 0.4818087318087318 0.451953125 0.010395010395010396 0.01640625
5 0.4391891891891892 0.449609375 0.011434511434511435 0.01640625
7 0.39864864864864863 0.448046875 0.010395010395010396 0.01640625
6 0.35706860706860705 0.4453125 0.012474012474012475 0.01640625
6 0.31548856548856546 0.443359375 0.012474012474012475 0.01796875
0 0.2739085239085239 0.4421875 0.014553014553014554 0.01796875