4 0.5213097713097713 0.38359375 0.01975051975051975 0.03046875
4 0.44490644490644493 0.389453125 0.02182952182952183 0.03046875
1 0.36746361746361744 0.395703125 0.017671517671517672 0.03203125
8 0.2874220374220374 0.4015625 0.02286902286902287 0.03203125
3 0.2079002079002079 0.40703125 0.02182952182952183 0.03203125
8 0.1262993762993763 0.412890625 0.02390852390852391 0.03203125
5 0.5431392931392931 0.4953125 0.02182952182952183 0.03046875
3 0.4625779625779626 0.502734375 0.02182952182952183 0.03046875
0 0.3840956340956341 0.508203125 0.02182952182952183 0.03046875
2 0.30457380457380456 0.515625 0.02286902286902287 0.03125
7 0.2260914760914761 0.521484375 0.02390852390852391 0.03203125
0 0.14656964656964658 0.5296875 0.02390852390852391 0.03203125