4 0.5769230769230769 0.420703125 0.017671517671517672 0.02734375
7 0.5124740124740125 0.42578125 0.02182952182952183 0.028125
9 0.44542619542619544 0.43203125 0.02079002079002079 0.028125
8 0.37525987525987525 0.4375 0.02079002079002079 0.0265625
3 0.3092515592515592 0.442578125 0.01975051975051975 0.02734375
8 0.2390852390852391 0.44921875 0.02182952182952183 0.02734375
1 0.45686070686070684 0.527734375 0.014553014553014554 0.02578125
1 0.5945945945945946 0.516796875 0.014553014553014554 0.02578125
7 0.32588357588357586 0.538671875 0.02182952182952183 0.028125
1 0.5239085239085239 0.523046875 0.014553014553014554 0.02578125
4 0.39293139293139295 0.53359375 0.01975051975051975 0.0265625
0 0.2583160083160083 0.544921875 0.02286902286902287 0.02734375