4 0.6761954261954262 0.4 0.02390852390852391 0.0328125
6 0.5961538461538461 0.408203125 0.02702702702702703 0.0328125
8 0.5187110187110187 0.4171875 0.02598752598752599 0.0328125
7 0.4376299376299376 0.425390625 0.02598752598752599 0.0328125
3 0.3601871101871102 0.433203125 0.02390852390852391 0.034375
8 0.2811850311850312 0.44140625 0.02598752598752599 0.034375
3 0.5384615384615384 0.531640625 0.02598752598752599 0.0328125
8 0.6995841995841996 0.517578125 0.02702702702702703 0.0328125
0 0.6185031185031185 0.525390625 0.02598752598752599 0.0328125
7 0.3799376299376299 0.547265625 0.028066528066528068 0.0359375
1 0.4553014553014553 0.541015625 0.01975051975051975 0.03203125
0 0.30145530145530147 0.555078125 0.02598752598752599 0.0328125