0 0.5971933471933472 0.391015625 0.010395010395010396 0.01875
0 0.5504158004158004 0.3921875 0.012474012474012475 0.01875
3 0.5025987525987526 0.39375 0.012474012474012475 0.01875
5 0.4516632016632017 0.3953125 0.012474012474012475 0.01875
3 0.40384615384615385 0.396484375 0.011434511434511435 0.01875
8 0.3529106029106029 0.397265625 0.012474012474012475 0.01875
1 0.6018711018711018 0.462109375 0.009355509355509356 0.0203125
7 0.553014553014553 0.46328125 0.012474012474012475 0.01875
8 0.5051975051975052 0.4640625 0.011434511434511435 0.01875
6 0.45634095634095634 0.465234375 0.013513513513513514 0.01875
6 0.4074844074844075 0.466796875 0.012474012474012475 0.01875
0 0.3581081081081081 0.469140625 0.012474012474012475 0.01875