6 0.5784823284823285 0.245703125 0.029106029106029108 0.040625
4 0.47453222453222454 0.241796875 0.032224532224532226 0.04375
9 0.3716216216216216 0.2390625 0.032224532224532226 0.0421875
6 0.262993762993763 0.23359375 0.030145530145530147 0.0421875
3 0.15592515592515593 0.23046875 0.032224532224532226 0.04375
8 0.04885654885654886 0.22578125 0.032224532224532226 0.0421875
5 0.564968814968815 0.40078125 0.02598752598752599 0.0421875
2 0.46621621621621623 0.397265625 0.034303534303534305 0.0453125
3 0.3581081081081081 0.391796875 0.032224532224532226 0.0453125
9 0.2520790020790021 0.3890625 0.032224532224532226 0.04375
6 0.14708939708939708 0.38359375 0.034303534303534305 0.04375
0 0.037941787941787944 0.38125 0.032224532224532226 0.04375