3 0.6075883575883576 0.38828125 0.016632016632016633 0.03046875
6 0.5327442827442828 0.387890625 0.02182952182952183 0.0296875
1 0.4516632016632017 0.3890625 0.015592515592515593 0.0296875
8 0.37577962577962576 0.38984375 0.02182952182952183 0.03046875
3 0.29677754677754675 0.391015625 0.01975051975051975 0.03125
8 0.2156964656964657 0.390625 0.02182952182952183 0.0296875
5 0.6174636174636174 0.5015625 0.02182952182952183 0.02890625
3 0.5374220374220374 0.502734375 0.01975051975051975 0.03046875
0 0.4553014553014553 0.502734375 0.02079002079002079 0.03125
2 0.3762993762993763 0.50390625 0.02079002079002079 0.03046875
7 0.2993762993762994 0.504296875 0.02182952182952183 0.03125
0 0.2203742203742204 0.505859375 0.02182952182952183 0.03125