8 0.6954261954261954 0.2203125 0.031185031185031187 0.046875
5 0.5706860706860707 0.22265625 0.031185031185031187 0.0484375
4 0.4490644490644491 0.22578125 0.029106029106029108 0.046875
7 0.3284823284823285 0.2296875 0.031185031185031187 0.046875
3 0.2079002079002079 0.2328125 0.029106029106029108 0.0453125
8 0.08835758835758836 0.23671875 0.031185031185031187 0.0453125
1 0.6975051975051975 0.3953125 0.018711018711018712 0.046875
1 0.579002079002079 0.3984375 0.02286902286902287 0.046875
7 0.4604989604989605 0.40078125 0.031185031185031187 0.0484375
0 0.3367983367983368 0.4046875 0.029106029106029108 0.046875
7 0.2203742203742204 0.4078125 0.033264033264033266 0.0484375
0 0.10083160083160084 0.41328125 0.031185031185031187 0.0453125