5 0.6070686070686071 0.362890625 0.012474012474012475 0.028125
2 0.5374220374220374 0.3625 0.017671517671517672 0.02890625
2 0.46465696465696466 0.362109375 0.02079002079002079 0.0296875
8 0.3908523908523909 0.360546875 0.01975051975051975 0.02890625
3 0.3191268191268191 0.36015625 0.01975051975051975 0.0296875
8 0.24324324324324326 0.358984375 0.017671517671517672 0.028125
0 0.6117463617463618 0.4703125 0.01975051975051975 0.02890625
3 0.46413721413721415 0.46796875 0.02079002079002079 0.03046875
3 0.5389812889812889 0.469921875 0.017671517671517672 0.02890625
2 0.3872141372141372 0.4671875 0.02079002079002079 0.02890625
7 0.31652806652806653 0.46640625 0.01975051975051975 0.03046875
0 0.24272349272349272 0.466015625 0.02182952182952183 0.0296875