4 0.5665280665280665 0.320703125 0.02182952182952183 0.028125
0 0.49532224532224534 0.326171875 0.02390852390852391 0.0296875
0 0.42411642411642414 0.331640625 0.02182952182952183 0.02890625
8 0.3529106029106029 0.337890625 0.01975051975051975 0.028125
3 0.2817047817047817 0.344140625 0.02182952182952183 0.028125
8 0.20893970893970895 0.349609375 0.02182952182952183 0.02890625
8 0.5904365904365905 0.4234375 0.01975051975051975 0.02890625
6 0.511954261954262 0.430078125 0.02079002079002079 0.02890625
9 0.4402286902286902 0.435546875 0.02182952182952183 0.028125
1 0.3659043659043659 0.4421875 0.015592515592515593 0.03046875
7 0.29677754677754675 0.447265625 0.02390852390852391 0.0296875
0 0.22557172557172558 0.454296875 0.02182952182952183 0.028125