4 0.8503118503118503 0.364453125 0.028066528066528068 0.0515625
0 0.7312889812889813 0.357421875 0.038461538461538464 0.05390625
2 0.6044698544698545 0.349609375 0.038461538461538464 0.05234375
7 0.47297297297297297 0.341796875 0.04054054054054054 0.05390625
3 0.3477130977130977 0.333984375 0.038461538461538464 0.05390625
8 0.21621621621621623 0.326171875 0.04365904365904366 0.05390625
4 0.840956340956341 0.55 0.036382536382536385 0.05078125
4 0.7115384615384616 0.542578125 0.04054054054054054 0.05390625
0 0.579002079002079 0.533984375 0.0395010395010395 0.05234375
0 0.4521829521829522 0.528515625 0.04365904365904366 0.05703125
7 0.3269230769230769 0.5203125 0.04054054054054054 0.05390625
0 0.19594594594594594 0.513671875 0.04054054054054054 0.05234375