4 0.5992723492723493 0.3296875 0.02079002079002079 0.02734375
0 0.5275467775467776 0.32734375 0.02286902286902287 0.02890625
0 0.45582120582120583 0.325390625 0.02079002079002079 0.02890625
8 0.3840956340956341 0.32421875 0.018711018711018712 0.02734375
3 0.3123700623700624 0.323046875 0.02079002079002079 0.02734375
8 0.2396049896049896 0.320703125 0.02079002079002079 0.02890625
8 0.6034303534303534 0.43359375 0.018711018711018712 0.02890625
6 0.5244282744282744 0.43203125 0.018711018711018712 0.02890625
9 0.4527027027027027 0.430078125 0.02079002079002079 0.02734375
1 0.37785862785862784 0.42890625 0.014553014553014554 0.0296875
7 0.3082120582120582 0.426953125 0.02286902286902287 0.02890625
0 0.23648648648648649 0.426171875 0.02079002079002079 0.02734375