6 0.5582120582120582 0.39609375 0.02286902286902287 0.0296875
3 0.48440748440748443 0.40546875 0.02390852390852391 0.0296875
1 0.4095634095634096 0.414453125 0.017671517671517672 0.03046875
8 0.3367983367983368 0.423828125 0.02390852390852391 0.0296875
3 0.2598752598752599 0.433203125 0.02494802494802495 0.03125
8 0.18295218295218296 0.443359375 0.02390852390852391 0.03125
5 0.5852390852390852 0.50234375 0.02079002079002079 0.0296875
3 0.5093555093555093 0.51328125 0.02182952182952183 0.03125
0 0.43555093555093555 0.521484375 0.02390852390852391 0.0296875
2 0.3607068607068607 0.532421875 0.02286902286902287 0.03125
7 0.28586278586278585 0.541796875 0.02494802494802495 0.03125
0 0.2104989604989605 0.553515625 0.02494802494802495 0.0296875