8 0.23180873180873182 0.373828125 0.02079002079002079 0.02890625
3 0.3087318087318087 0.37734375 0.018711018711018712 0.03046875
1 0.38253638253638256 0.38125 0.014553014553014554 0.03046875
0 0.5306652806652806 0.387109375 0.02079002079002079 0.02890625
9 0.4589397089397089 0.38515625 0.018711018711018712 0.02890625
8 0.6148648648648649 0.391015625 0.016632016632016633 0.02890625
5 0.4516632016632017 0.491015625 0.018711018711018712 0.03046875
6 0.301975051975052 0.48515625 0.02079002079002079 0.03046875
9 0.6055093555093555 0.498046875 0.016632016632016633 0.02890625
3 0.5254677754677755 0.494921875 0.018711018711018712 0.02890625
1 0.37474012474012475 0.488671875 0.014553014553014554 0.03046875
0 0.2260914760914761 0.48359375 0.02079002079002079 0.03046875