8 0.3321205821205821 0.39609375 0.014553014553014554 0.02109375
3 0.38253638253638256 0.393359375 0.014553014553014554 0.02109375
8 0.43347193347193347 0.39140625 0.016632016632016633 0.02109375
8 0.5343035343035343 0.386328125 0.014553014553014554 0.02109375
5 0.5883575883575883 0.383203125 0.014553014553014554 0.02109375
7 0.48440748440748443 0.388671875 0.016632016632016633 0.02109375
7 0.3898128898128898 0.46640625 0.014553014553014554 0.02265625
4 0.4901247401247401 0.462109375 0.016632016632016633 0.02109375
3 0.4391891891891892 0.46484375 0.014553014553014554 0.02109375
0 0.3388773388773389 0.469921875 0.016632016632016633 0.02109375
5 0.5878378378378378 0.45703125 0.012474012474012475 0.02109375
1 0.5379417879417879 0.459765625 0.012474012474012475 0.02109375