8 0.183991683991684 0.290625 0.02598752598752599 0.0328125
3 0.2697505197505197 0.29609375 0.02390852390852391 0.03203125
7 0.3497920997920998 0.301171875 0.02390852390852391 0.03203125
6 0.5145530145530145 0.309765625 0.02390852390852391 0.03203125
8 0.4365904365904366 0.30546875 0.02598752598752599 0.0328125
4 0.5935550935550935 0.31484375 0.01975051975051975 0.03359375
4 0.5181912681912682 0.428125 0.01975051975051975 0.03046875
5 0.42775467775467774 0.4234375 0.02182952182952183 0.03359375
0 0.5971933471933472 0.432421875 0.01975051975051975 0.03203125
1 0.3404365904365904 0.4203125 0.017671517671517672 0.03359375
7 0.2609147609147609 0.41640625 0.02390852390852391 0.03359375
0 0.17567567567567569 0.41328125 0.02598752598752599 0.03359375