5 0.5977130977130977 0.358984375 0.011434511434511435 0.028125
2 0.5280665280665281 0.361328125 0.017671517671517672 0.028125
2 0.4553014553014553 0.363671875 0.01975051975051975 0.0296875
8 0.3814968814968815 0.36484375 0.01975051975051975 0.028125
3 0.3097713097713098 0.3671875 0.01975051975051975 0.0296875
8 0.2338877338877339 0.369140625 0.017671517671517672 0.028125
0 0.6096673596673596 0.465625 0.01975051975051975 0.028125
3 0.46205821205821207 0.469140625 0.01975051975051975 0.0296875
3 0.5369022869022869 0.468359375 0.017671517671517672 0.02890625
2 0.38513513513513514 0.471875 0.01975051975051975 0.02890625
7 0.31444906444906445 0.4734375 0.01975051975051975 0.0296875
0 0.24064449064449064 0.476171875 0.02182952182952183 0.0296875