4 0.6278586278586279 0.325390625 0.02286902286902287 0.0296875
3 0.5524948024948025 0.319921875 0.02286902286902287 0.03125
7 0.4781704781704782 0.3140625 0.02390852390852391 0.0296875
4 0.40384615384615385 0.3078125 0.02286902286902287 0.03125
3 0.33004158004158 0.304296875 0.02079002079002079 0.03046875
4 0.25675675675675674 0.297265625 0.02286902286902287 0.03125
4 0.6081081081081081 0.4328125 0.02079002079002079 0.0296875
9 0.5389812889812889 0.428125 0.02390852390852391 0.0296875
9 0.46465696465696466 0.42109375 0.02286902286902287 0.0296875
9 0.3908523908523909 0.416796875 0.02182952182952183 0.0296875
7 0.31756756756756754 0.41171875 0.02286902286902287 0.03125
0 0.2442827442827443 0.40625 0.02182952182952183 0.0296875