6 0.6325363825363826 0.42578125 0.02494802494802495 0.0359375
2 0.5363825363825364 0.41953125 0.02702702702702703 0.0359375
2 0.44854469854469853 0.413671875 0.02702702702702703 0.0359375
8 0.36434511434511435 0.40859375 0.02702702702702703 0.034375
3 0.27754677754677753 0.403125 0.02598752598752599 0.0359375
8 0.19230769230769232 0.397265625 0.028066528066528068 0.034375
0 0.6070686070686071 0.55 0.02494802494802495 0.034375
3 0.43607068607068605 0.53828125 0.02390852390852391 0.034375
5 0.5239085239085239 0.5453125 0.02598752598752599 0.034375
2 0.3482328482328482 0.5328125 0.02494802494802495 0.034375
7 0.26507276507276506 0.526171875 0.02598752598752599 0.034375
0 0.1793139293139293 0.521875 0.028066528066528068 0.0359375