5 0.6299376299376299 0.240625 0.02598752598752599 0.04296875
6 0.29521829521829523 0.25390625 0.030145530145530147 0.04296875
9 0.40540540540540543 0.250390625 0.034303534303534305 0.0453125
4 0.5093555093555093 0.24609375 0.032224532224532226 0.04375
3 0.18866943866943867 0.259375 0.028066528066528068 0.04296875
8 0.08264033264033264 0.263671875 0.032224532224532226 0.04296875
6 0.20114345114345114 0.4125 0.030145530145530147 0.04296875
5 0.6226611226611226 0.396484375 0.02390852390852391 0.04140625
3 0.41528066528066526 0.4046875 0.028066528066528068 0.04296875
2 0.5223492723492723 0.401171875 0.02598752598752599 0.04296875
9 0.3082120582120582 0.409765625 0.030145530145530147 0.04296875
0 0.09355509355509356 0.419921875 0.032224532224532226 0.04296875