8 0.5805613305613305 0.342578125 0.02079002079002079 0.03046875
3 0.5062370062370062 0.348046875 0.02494802494802495 0.03046875
1 0.4282744282744283 0.354296875 0.018711018711018712 0.03203125
8 0.3518711018711019 0.3609375 0.02390852390852391 0.03359375
3 0.2733887733887734 0.36640625 0.02286902286902287 0.03359375
8 0.19542619542619544 0.37265625 0.02494802494802495 0.03203125
5 0.6008316008316008 0.45234375 0.02494802494802495 0.03515625
3 0.5223492723492723 0.459375 0.02494802494802495 0.03046875
0 0.44646569646569645 0.465234375 0.02286902286902287 0.03046875
2 0.367983367983368 0.472265625 0.02286902286902287 0.03203125
7 0.2915800415800416 0.479296875 0.028066528066528068 0.03359375
0 0.21413721413721415 0.487109375 0.02702702702702703 0.03203125