5 0.45078125 0.4230769230769231 0.01015625 0.02598752598752599
2 0.560546875 0.408004158004158 0.0109375 0.02598752598752599
8 0.376953125 0.43451143451143454 0.01171875 0.02598752598752599
3 0.414453125 0.4293139293139293 0.0109375 0.02598752598752599
7 0.523828125 0.41424116424116425 0.0109375 0.02598752598752599
2 0.4875 0.4194386694386694 0.0109375 0.02598752598752599
6 0.458984375 0.5171517671517671 0.01171875 0.02598752598752599
7 0.496484375 0.511954261954262 0.0109375 0.02598752598752599
6 0.421875 0.5223492723492723 0.01171875 0.02598752598752599
2 0.571875 0.5015592515592515 0.01015625 0.02598752598752599
1 0.53203125 0.5077962577962578 0.00859375 0.02702702702702703
0 0.384765625 0.5296257796257796 0.01171875 0.02598752598752599