0 0.6777546777546778 0.4234375 0.014553014553014554 0.021875
0 0.6216216216216216 0.42421875 0.014553014553014554 0.021875
2 0.5654885654885655 0.42421875 0.016632016632016633 0.0234375
3 0.5051975051975052 0.425 0.012474012474012475 0.021875
3 0.4501039501039501 0.4265625 0.012474012474012475 0.021875
8 0.39293139293139295 0.4265625 0.016632016632016633 0.021875
4 0.6787941787941788 0.50546875 0.014553014553014554 0.0203125
5 0.6237006237006237 0.50625 0.012474012474012475 0.021875
1 0.5634095634095634 0.50625 0.008316008316008316 0.021875
6 0.4521829521829522 0.5078125 0.014553014553014554 0.021875
4 0.5083160083160083 0.5078125 0.014553014553014554 0.021875
0 0.39397089397089397 0.509375 0.014553014553014554 0.021875