8 0.23804573804573806 0.366796875 0.02182952182952183 0.02890625
3 0.31444906444906445 0.37265625 0.01975051975051975 0.03046875
1 0.3877338877338877 0.378125 0.016632016632016633 0.03046875
0 0.5358627858627859 0.387890625 0.02182952182952183 0.0296875
9 0.46465696465696466 0.383984375 0.01975051975051975 0.02890625
8 0.6195426195426196 0.394140625 0.017671517671517672 0.02890625
5 0.4521829521829522 0.48984375 0.02079002079002079 0.03125
6 0.303014553014553 0.480078125 0.02182952182952183 0.03046875
9 0.6055093555093555 0.50078125 0.017671517671517672 0.02890625
3 0.5254677754677755 0.4953125 0.01975051975051975 0.0296875
1 0.37525987525987525 0.485546875 0.015592515592515593 0.03046875
0 0.22713097713097713 0.4765625 0.02182952182952183 0.03046875