5 0.5717255717255717 0.366796875 0.01975051975051975 0.02578125
8 0.6372141372141372 0.371875 0.018711018711018712 0.02578125
4 0.5088357588357588 0.36171875 0.018711018711018712 0.02734375
3 0.37733887733887733 0.351953125 0.02079002079002079 0.0265625
8 0.3092515592515592 0.346875 0.01975051975051975 0.02578125
7 0.4417879417879418 0.35703125 0.01975051975051975 0.0265625
9 0.6268191268191268 0.466015625 0.017671517671517672 0.02578125
4 0.5608108108108109 0.46171875 0.01975051975051975 0.02578125
0 0.4968814968814969 0.456640625 0.01975051975051975 0.02578125
1 0.4293139293139293 0.451953125 0.013513513513513514 0.02578125
7 0.36746361746361744 0.448046875 0.02079002079002079 0.02734375
0 0.2998960498960499 0.444140625 0.01975051975051975 0.02578125