0 0.672037422037422 0.29609375 0.02598752598752599 0.03671875
2 0.5758835758835759 0.3015625 0.01975051975051975 0.03671875
3 0.4864864864864865 0.307421875 0.02494802494802495 0.03671875
7 0.39345114345114346 0.31328125 0.02598752598752599 0.03515625
3 0.303014553014553 0.319140625 0.02494802494802495 0.03515625
8 0.20893970893970895 0.326171875 0.02598752598752599 0.03515625
0 0.6803534303534303 0.430078125 0.02079002079002079 0.03515625
6 0.5945945945945946 0.4359375 0.028066528066528068 0.03671875
4 0.5031185031185031 0.441015625 0.02494802494802495 0.03671875
0 0.4100831600831601 0.447265625 0.02702702702702703 0.03828125
7 0.31756756756756754 0.453125 0.029106029106029108 0.0375
0 0.22661122661122662 0.460546875 0.02598752598752599 0.03515625