5 0.54921875 0.341995841995842 0.009375 0.02182952182952183
6 0.6390625 0.32744282744282743 0.0078125 0.02182952182952183
8 0.610546875 0.3321205821205821 0.009375 0.02182952182952183
2 0.57890625 0.3373180873180873 0.009375 0.02182952182952183
3 0.519921875 0.3471933471933472 0.009375 0.02182952182952183
8 0.4890625 0.3529106029106029 0.009375 0.02182952182952183
8 0.5875 0.41476091476091476 0.009375 0.02182952182952183
6 0.526171875 0.42463617463617465 0.009375 0.02182952182952183
1 0.646484375 0.40488565488565487 0.00625 0.01975051975051975
6 0.556640625 0.4204781704781705 0.009375 0.02182952182952183
7 0.6171875 0.4106029106029106 0.009375 0.02182952182952183
0 0.49609375 0.4303534303534304 0.009375 0.02182952182952183