5 0.5582120582120582 0.212109375 0.018711018711018712 0.02734375
4 0.49376299376299376 0.2171875 0.018711018711018712 0.02578125
2 0.42567567567567566 0.221875 0.017671517671517672 0.02734375
7 0.3591476091476091 0.226953125 0.018711018711018712 0.02578125
3 0.29417879417879417 0.23203125 0.016632016632016633 0.02578125
8 0.22661122661122662 0.23671875 0.018711018711018712 0.02578125
4 0.5691268191268192 0.31015625 0.017671517671517672 0.02734375
5 0.5077962577962578 0.31484375 0.018711018711018712 0.02578125
0 0.4386694386694387 0.319140625 0.018711018711018712 0.02578125
0 0.37214137214137216 0.32421875 0.018711018711018712 0.02734375
7 0.30717255717255715 0.329296875 0.02079002079002079 0.02578125
0 0.2396049896049896 0.33515625 0.018711018711018712 0.02578125