7 0.7037422037422038 0.368359375 0.012474012474012475 0.02109375
2 0.6434511434511434 0.366796875 0.014553014553014554 0.02265625
1 0.590956340956341 0.364453125 0.012474012474012475 0.02109375
3 0.5369022869022869 0.36328125 0.014553014553014554 0.02109375
3 0.48492723492723494 0.361328125 0.014553014553014554 0.02109375
8 0.4308731808731809 0.36015625 0.014553014553014554 0.02109375
8 0.696985446985447 0.4453125 0.016632016632016633 0.02109375
6 0.6408523908523909 0.444140625 0.016632016632016633 0.02109375
8 0.5878378378378378 0.4421875 0.014553014553014554 0.02109375
3 0.5337837837837838 0.440625 0.014553014553014554 0.02265625
6 0.4807692307692308 0.438671875 0.016632016632016633 0.02265625
0 0.4267151767151767 0.4375 0.016632016632016633 0.02109375