6 0.6288981288981289 0.422265625 0.02182952182952183 0.03515625
2 0.5327442827442828 0.41875 0.02390852390852391 0.03515625
2 0.44438669438669437 0.41484375 0.02494802494802495 0.03515625
8 0.3601871101871102 0.412109375 0.02598752598752599 0.03359375
3 0.27286902286902287 0.408984375 0.02390852390852391 0.03515625
8 0.18762993762993763 0.40546875 0.028066528066528068 0.034375
0 0.6091476091476091 0.547265625 0.02390852390852391 0.03359375
3 0.43814968814968813 0.53984375 0.02390852390852391 0.03359375
5 0.525987525987526 0.54453125 0.02390852390852391 0.034375
2 0.3497920997920998 0.53671875 0.02390852390852391 0.03359375
7 0.26663201663201663 0.532421875 0.02390852390852391 0.03359375
0 0.18035343035343035 0.530078125 0.02598752598752599 0.03515625