5 0.5769230769230769 0.42734375 0.018711018711018712 0.03046875
5 0.498960498960499 0.42578125 0.02079002079002079 0.03046875
9 0.4303534303534304 0.426953125 0.02079002079002079 0.02890625
7 0.35446985446985446 0.425390625 0.02286902286902287 0.03046875
3 0.28326403326403327 0.425 0.02079002079002079 0.03046875
8 0.20841995841995842 0.42421875 0.02079002079002079 0.02890625
5 0.5644490644490644 0.530078125 0.012474012474012475 0.03046875
4 0.501039501039501 0.5296875 0.02079002079002079 0.02890625
9 0.4282744282744283 0.529296875 0.018711018711018712 0.02734375
1 0.35446985446985446 0.53046875 0.014553014553014554 0.02890625
7 0.28326403326403327 0.5296875 0.02079002079002079 0.03046875
0 0.2104989604989605 0.530078125 0.02079002079002079 0.02734375