4 0.6252598752598753 0.322265625 0.029106029106029108 0.03125
3 0.5483367983367984 0.317578125 0.028066528066528068 0.034375
7 0.47505197505197505 0.313671875 0.031185031185031187 0.034375
8 0.4002079002079002 0.308984375 0.02702702702702703 0.034375
3 0.3264033264033264 0.305078125 0.02702702702702703 0.034375
8 0.2520790020790021 0.30078125 0.028066528066528068 0.0328125
4 0.6075883575883576 0.431640625 0.02286902286902287 0.0328125
9 0.5374220374220374 0.426171875 0.02702702702702703 0.0328125
3 0.46413721413721415 0.42109375 0.029106029106029108 0.0328125
3 0.3892931392931393 0.417578125 0.02702702702702703 0.0328125
7 0.316008316008316 0.41171875 0.028066528066528068 0.0359375
0 0.24220374220374222 0.408203125 0.029106029106029108 0.034375