8 0.19906444906444906 0.38046875 0.02079002079002079 0.02890625
3 0.2707900207900208 0.379296875 0.02286902286902287 0.03046875
5 0.3393970893970894 0.37734375 0.02079002079002079 0.03046875
2 0.4100831600831601 0.376953125 0.02079002079002079 0.02890625
0 0.48284823284823286 0.375390625 0.02286902286902287 0.02890625
6 0.5597713097713097 0.373828125 0.016632016632016633 0.028125
0 0.20218295218295218 0.484375 0.02286902286902287 0.03046875
6 0.2739085239085239 0.481640625 0.02079002079002079 0.02890625
6 0.34459459459459457 0.480859375 0.02079002079002079 0.02890625
1 0.41216216216216217 0.480078125 0.014553014553014554 0.028125
1 0.4838877338877339 0.479296875 0.016632016632016633 0.0296875
0 0.5514553014553014 0.477734375 0.014553014553014554 0.028125