2 0.4516632016632017 0.3984375 0.012474012474012475 0.01640625
7 0.4106029106029106 0.403515625 0.013513513513513514 0.01640625
2 0.3716216216216216 0.4078125 0.013513513513513514 0.01640625
5 0.3316008316008316 0.412109375 0.013513513513513514 0.01640625
3 0.2905405405405405 0.4171875 0.011434511434511435 0.01640625
8 0.24844074844074845 0.422265625 0.013513513513513514 0.01640625
7 0.4677754677754678 0.455859375 0.011434511434511435 0.01640625
5 0.42567567567567566 0.461328125 0.012474012474012475 0.01640625
7 0.38565488565488565 0.46640625 0.011434511434511435 0.01640625
6 0.34459459459459457 0.470703125 0.013513513513513514 0.01640625
6 0.30353430353430355 0.47578125 0.013513513513513514 0.01796875
0 0.2624740124740125 0.481640625 0.015592515592515593 0.01796875