5 0.26455301455301455 0.40625 0.017671517671517672 0.02421875
1 0.3877338877338877 0.3984375 0.013513513513513514 0.02421875
0 0.44594594594594594 0.3953125 0.015592515592515593 0.02421875
4 0.32796257796257794 0.403125 0.017671517671517672 0.02421875
8 0.14241164241164242 0.415234375 0.01975051975051975 0.02421875
3 0.2047817047817048 0.4109375 0.017671517671517672 0.02578125
8 0.3393970893970894 0.491015625 0.017671517671517672 0.02421875
6 0.21621621621621623 0.498828125 0.017671517671517672 0.02421875
6 0.27702702702702703 0.494921875 0.018711018711018712 0.02421875
1 0.4604989604989605 0.48359375 0.013513513513513514 0.02578125
7 0.4007276507276507 0.4875 0.017671517671517672 0.02578125
0 0.15384615384615385 0.50390625 0.017671517671517672 0.02421875