8 0.33004158004158 0.38671875 0.02390852390852391 0.03125
3 0.4111226611226611 0.396875 0.02182952182952183 0.03125
7 0.48492723492723494 0.40546875 0.02598752598752599 0.0328125
4 0.5623700623700624 0.413671875 0.02390852390852391 0.03125
5 0.6377338877338877 0.421484375 0.02286902286902287 0.0328125
8 0.7214137214137214 0.4328125 0.02182952182952183 0.03125
7 0.3887733887733888 0.506640625 0.02598752598752599 0.03125
6 0.5405405405405406 0.5234375 0.02390852390852391 0.03125
0 0.46361746361746364 0.515234375 0.02494802494802495 0.03125
0 0.3113305613305613 0.5 0.02390852390852391 0.03125
7 0.6897089397089398 0.53984375 0.02390852390852391 0.03125
3 0.617983367983368 0.532421875 0.02390852390852391 0.03125