8 0.019230769230769232 0.384765625 0.038461538461538464 0.05078125
6 0.2692307692307692 0.371875 0.0395010395010395 0.05
3 0.14916839916839916 0.3796875 0.037422037422037424 0.053125
6 0.5181912681912682 0.361328125 0.035343035343035345 0.0484375
9 0.4002079002079002 0.36796875 0.033264033264033266 0.05
5 0.6564449064449065 0.35546875 0.034303534303534305 0.0546875
3 0.41164241164241167 0.5453125 0.036382536382536385 0.0515625
6 0.1658004158004158 0.558203125 0.035343035343035345 0.0484375
9 0.288981288981289 0.55234375 0.037422037422037424 0.05
5 0.6470893970893971 0.53359375 0.028066528066528068 0.04921875
2 0.5327442827442828 0.540625 0.036382536382536385 0.0515625
0 0.0395010395010395 0.5671875 0.0395010395010395 0.05078125