0 0.5540540540540541 0.46796875 0.014553014553014554 0.01875
5 0.5072765072765073 0.46875 0.012474012474012475 0.01875
1 0.45634095634095634 0.47109375 0.010395010395010396 0.0203125
6 0.4085239085239085 0.47265625 0.012474012474012475 0.01875
3 0.3596673596673597 0.475 0.012474012474012475 0.01875
8 0.3097713097713098 0.4765625 0.012474012474012475 0.01875
5 0.5634095634095634 0.53828125 0.012474012474012475 0.01875
1 0.5093555093555093 0.540625 0.008316008316008316 0.01875
1 0.4594594594594595 0.54140625 0.008316008316008316 0.01875
8 0.41372141372141374 0.54375 0.012474012474012475 0.01875
6 0.36382536382536385 0.54453125 0.012474012474012475 0.01875
0 0.31392931392931395 0.54765625 0.012474012474012475 0.01875