4 0.5504158004158004 0.3890625 0.02182952182952183 0.03125
4 0.47401247401247404 0.38359375 0.02390852390852391 0.03125
1 0.39604989604989604 0.37890625 0.01975051975051975 0.03203125
8 0.31652806652806653 0.373046875 0.02598752598752599 0.0328125
3 0.23700623700623702 0.3671875 0.02390852390852391 0.0328125
8 0.1548856548856549 0.361328125 0.02598752598752599 0.0328125
5 0.5436590436590436 0.501953125 0.02286902286902287 0.03125
3 0.4625779625779626 0.497265625 0.02286902286902287 0.03125
0 0.3840956340956341 0.491796875 0.02390852390852391 0.03125
2 0.30405405405405406 0.4875 0.02494802494802495 0.03125
7 0.22557172557172558 0.48203125 0.02598752598752599 0.0328125
0 0.14553014553014554 0.478515625 0.02598752598752599 0.0328125