2 0.5369022869022869 0.391796875 0.017671517671517672 0.028125
7 0.45997920997921 0.393359375 0.01975051975051975 0.0296875
3 0.38305613305613306 0.3953125 0.01975051975051975 0.02890625
7 0.30509355509355507 0.396875 0.01975051975051975 0.0296875
3 0.22817047817047817 0.398046875 0.01975051975051975 0.0296875
8 0.15228690228690228 0.4 0.01975051975051975 0.02890625
7 0.5405405405405406 0.501953125 0.01975051975051975 0.0296875
9 0.46361746361746364 0.504296875 0.017671517671517672 0.028125
4 0.3887733887733888 0.50546875 0.01975051975051975 0.028125
0 0.3097713097713098 0.50703125 0.01975051975051975 0.02890625
7 0.23492723492723494 0.508984375 0.02182952182952183 0.0296875
0 0.15696465696465697 0.511328125 0.01975051975051975 0.0296875