4 0.6808731808731808 0.405078125 0.02286902286902287 0.0328125
6 0.6003118503118503 0.4109375 0.02494802494802495 0.0328125
8 0.5228690228690228 0.417578125 0.02390852390852391 0.0328125
7 0.4412681912681913 0.423828125 0.02390852390852391 0.0328125
3 0.3633056133056133 0.4296875 0.02286902286902287 0.03359375
8 0.28378378378378377 0.435546875 0.02494802494802495 0.034375
3 0.5374220374220374 0.5328125 0.02390852390852391 0.0328125
8 0.6990644490644491 0.523046875 0.02598752598752599 0.0328125
0 0.6169438669438669 0.528125 0.02494802494802495 0.0328125
7 0.37785862785862784 0.544140625 0.02702702702702703 0.0359375
1 0.45374220374220375 0.53984375 0.018711018711018712 0.03203125
0 0.2993762993762994 0.55 0.02390852390852391 0.0328125