0 0.4630977130977131 0.0921875 0.02702702702702703 0.03828125
0 0.5587318087318087 0.088671875 0.029106029106029108 0.0375
0 0.2702702702702703 0.1 0.02598752598752599 0.03671875
5 0.6637214137214137 0.084375 0.02182952182952183 0.03671875
0 0.367983367983368 0.096875 0.02702702702702703 0.03828125
0 0.17567567567567569 0.105859375 0.028066528066528068 0.03515625
9 0.6668399168399168 0.2234375 0.02702702702702703 0.03671875
1 0.4708939708939709 0.23125 0.02079002079002079 0.03671875
4 0.5675675675675675 0.228125 0.02702702702702703 0.03828125
0 0.37733887733887733 0.235546875 0.02598752598752599 0.03671875
0 0.28534303534303534 0.240234375 0.02702702702702703 0.03671875
0 0.19178794178794178 0.24375 0.02494802494802495 0.03515625