0 0.41632016632016633 0.09609375 0.031185031185031187 0.03984375
0 0.510914760914761 0.086328125 0.031185031185031187 0.03828125
0 0.22453222453222454 0.11640625 0.030145530145530147 0.03828125
5 0.6148648648648649 0.075 0.02702702702702703 0.03828125
0 0.3217255717255717 0.10703125 0.031185031185031187 0.03984375
0 0.1314968814968815 0.128515625 0.033264033264033266 0.0375
9 0.6340956340956341 0.213671875 0.031185031185031187 0.03828125
1 0.4397089397089397 0.233984375 0.02494802494802495 0.0375
4 0.5358627858627859 0.224609375 0.031185031185031187 0.03984375
0 0.3471933471933472 0.24453125 0.029106029106029108 0.03828125
0 0.25571725571725573 0.255078125 0.031185031185031187 0.03828125
0 0.1632016632016632 0.26484375 0.029106029106029108 0.03671875