0 0.5202702702702703 0.091796875 0.029106029106029108 0.0390625
0 0.6159043659043659 0.0953125 0.029106029106029108 0.0375
0 0.3269230769230769 0.083984375 0.02598752598752599 0.03671875
5 0.7203742203742204 0.099609375 0.02182952182952183 0.03671875
0 0.42463617463617465 0.088671875 0.02702702702702703 0.03828125
0 0.23232848232848233 0.0828125 0.028066528066528068 0.03515625
9 0.7047817047817048 0.23828125 0.02702702702702703 0.03671875
1 0.5083160083160083 0.23046875 0.02079002079002079 0.03671875
4 0.604989604989605 0.23515625 0.02702702702702703 0.03828125
0 0.41476091476091476 0.227734375 0.02598752598752599 0.03671875
0 0.32224532224532226 0.224609375 0.02702702702702703 0.03671875
0 0.2292099792099792 0.22109375 0.02702702702702703 0.03515625